/.notdef {300 0 setcharwidth} bind def

/space {
278.0 0 setcharwidth
} bind def

/exclam {
296.0 0 setcharwidth
204.9 590.78 moveto
208.9 613.78 208.9 626.78 208.9 649.78 curveto
208.9 690.78 195.9 736.78 146.9 736.78 curveto
102.9 736.78 87.9 687.78 87.9 651.78 curveto
86.9 592.78 102.9 534.78 110.9 476.78 curveto
123.9 404.834 128.9 318.912 128.9 240.983 curveto
128.9 224.998 127.9 208.013 127.9 192.028 curveto
167.9 192.028 lineto
167.9 210.012 167.9 227.995 168.9 245.979 curveto
168.9 289.939 168.9 332.9 171.9 376.86 curveto
173.9 403.835 175.9 430.81 180.9 458.785 curveto
197.9 547.78 lineto closepath
86.9 47.16 moveto
86.9 13.16 115.9 -14.84 148.9 -14.84 curveto
182.9 -14.84 211.9 13.16 211.9 47.16 curveto
211.9 81.16 181.9 109.16 148.9 109.16 curveto
115.9 109.16 86.9 80.16 86.9 47.16 curveto closepath } bind def

/quotedbl {
389.0 0 setcharwidth
113.931 496.8 moveto
146.931 692.8 lineto
150.931 713.8 127.931 736.8 103.931 736.8 curveto
79.931 736.8 56.931 713.8 60.931 692.8 curveto
93.931 496.8 lineto closepath
295.12 496.8 moveto
328.12 692.8 lineto
332.12 713.8 309.12 736.8 285.12 736.8 curveto
261.12 736.8 238.12 713.8 242.12 692.8 curveto
275.12 496.8 lineto closepath } bind def

/numbersign {
556.0 0 setcharwidth
499.08 289.96 moveto
403.054 289.96 lineto
420.072 413.96 lineto
524.08 413.96 lineto
524.08 481.96 lineto
430.08 481.96 lineto
460.08 689.96 lineto
394.045 689.96 lineto
364.013 481.96 lineto
241.882 481.96 lineto
272.915 689.96 lineto
206.88 689.96 lineto
175.88 481.96 lineto
59.88 481.96 lineto
59.88 413.96 lineto
166.88 413.96 lineto
148.88 289.96 lineto
32.88 289.96 lineto
32.88 221.971 lineto
138.88 221.971 lineto
104.88 0.0400391 lineto
170.88 0.0400391 lineto
204.88 221.971 lineto
326.973 221.971 lineto
292.937 0.0400391 lineto
359.007 0.0400391 lineto
393.044 221.971 lineto
499.08 221.971 lineto closepath
354.002 413.96 moveto
336.984 289.96 lineto
214.88 289.96 lineto
232.88 413.96 lineto closepath } bind def

/dollar {
556.0 0 setcharwidth
250.087 31.8423 moveto
204.061 33.8425 148.03 44.8438 122.016 87.849 curveto
121.016 89.8492 119.014 94.8499 120.015 97.8502 curveto
124.017 105.851 124.017 106.851 132.022 110.852 curveto
156.035 123.853 175.045 141.856 175.045 170.859 curveto
175.045 204.863 152.033 233.867 116.013 233.867 curveto
67.0 233.867 45.0 188.861 45.0 145.856 curveto
45.0 100.851 77.0 54.845 114.012 29.842 curveto
154.034 2.83997 202.06 -7.15997 250.087 -8.16003 curveto
250.087 -129.16 lineto
297.086 -129.16 lineto
297.086 -8.16003 lineto
421.012 -3.16003 509.98 73.8474 509.98 200.863 curveto
509.98 335.879 410.018 375.884 297.086 405.887 curveto
297.086 655.917 lineto
323.07 659.918 402.023 638.915 402.023 604.911 curveto
402.023 600.911 393.029 594.91 390.03 591.91 curveto
370.042 578.908 360.048 567.907 360.048 541.904 curveto
360.048 508.9 385.033 483.897 418.014 483.897 curveto
459.989 483.897 480.98 517.901 480.98 556.906 curveto
480.98 583.909 462.987 615.913 445.997 636.915 curveto
425.01 661.918 399.025 677.92 368.044 687.92 curveto
345.057 694.92 321.072 696.92 297.086 697.92 curveto
297.086 803.92 lineto
250.087 803.92 lineto
250.087 697.92 lineto
146.029 688.92 59.0 623.914 59.0 511.9 curveto
59.0 399.887 149.031 336.879 250.087 315.876 curveto closepath
297.086 301.875 moveto
367.044 285.873 439.001 250.869 439.001 167.859 curveto
439.001 89.8492 371.042 33.8425 297.086 33.8425 curveto closepath
250.087 421.889 moveto
195.057 433.891 127.019 471.895 127.019 536.903 curveto
127.019 612.912 181.049 644.916 250.087 655.917 curveto closepath } bind def

/percent {
833.0 0 setcharwidth
605.942 706.98 moveto
575.95 663.98 508.967 623.98 455.98 623.98 curveto
427.987 623.98 391.996 630.98 368.002 645.98 curveto
362.004 653.98 355.007 661.98 348.009 668.98 curveto
331.015 682.98 301.025 692.98 280.033 692.98 curveto
212.056 692.98 161.074 654.98 118.088 606.98 curveto
73.1 557.984 45.1 502.987 45.1 434.992 curveto
45.1 359.997 98.0954 306.05 174.069 306.05 curveto
292.029 306.05 388.996 451.991 388.996 560.983 curveto
388.996 576.982 388.996 592.981 382.998 607.98 curveto
403.993 599.981 426.987 594.981 448.982 594.981 curveto
482.973 594.981 515.965 604.98 544.958 623.98 curveto
557.954 631.98 lineto
186.065 -16.98 lineto
235.048 -16.98 lineto
649.931 706.98 lineto closepath
287.03 663.98 moveto
304.024 642.98 327.016 627.98 353.008 618.98 curveto
360.005 602.98 361.005 585.982 361.005 568.983 curveto
361.005 516.986 343.011 468.99 315.021 425.993 curveto
290.029 386.995 240.046 335.999 190.064 335.999 curveto
147.078 335.999 124.086 364.997 124.086 406.994 curveto
124.086 452.991 163.073 523.986 185.065 562.983 curveto
209.057 603.98 236.048 653.98 287.03 663.98 curveto closepath
788.9 289.107 moveto
779.9 349.998 734.91 383.996 674.925 383.996 curveto
552.956 383.996 446.982 237.281 446.982 123.663 curveto
446.982 45.9246 499.969 0.0199585 575.95 0.0199585 curveto
684.923 0.0199585 749.907 99.7436 780.9 192.432 curveto
790.9 223.328 795.9 257.214 788.9 289.107 curveto closepath
619.939 34.9614 moveto
570.951 18.0183 522.963 40.9413 522.963 97.7503 curveto
522.963 144.593 556.955 203.395 578.949 244.258 curveto
598.944 280.137 641.933 352.998 688.922 352.998 curveto
702.918 352.998 717.915 349.998 728.912 340.999 curveto
750.906 324.0 763.903 294.09 763.903 266.184 curveto
763.903 181.469 704.918 63.8643 619.939 34.9614 curveto closepath } bind def

/ampersand {
815.0 0 setcharwidth
472.9 363.081 moveto
511.932 358.081 573.984 367.081 573.984 311.084 curveto
573.984 261.087 533.951 199.09 502.925 161.092 curveto
438.928 240.088 386.97 328.083 337.01 416.056 curveto
424.939 445.033 512.933 503.986 512.933 605.906 curveto
512.933 646.874 492.916 680.847 461.909 705.827 curveto
430.934 730.82 389.967 736.82 351.998 736.82 curveto
304.036 736.82 264.069 723.82 231.077 688.841 curveto
192.072 646.874 183.071 608.904 183.071 552.948 curveto
183.071 505.985 205.074 452.027 226.077 410.06 curveto
138.065 370.081 51.06 293.085 51.06 188.091 curveto
51.06 133.094 75.06 79.0967 114.061 40.0988 curveto
155.067 -0.900024 215.075 -14.9 271.063 -14.9 curveto
340.008 -14.9 407.953 16.1 460.91 58.0978 curveto
494.918 18.1 551.966 -8.89996 605.01 -8.89996 curveto
685.06 -8.89996 724.06 26.0996 756.06 96.0958 curveto
765.06 117.095 773.06 138.093 775.06 161.092 curveto 734.06 169.092 lineto
730.06 152.093 724.06 135.094 718.06 119.094 curveto
702.06 87.0963 677.06 65.0975 640.039 65.0975 curveto
594.001 65.0975 564.977 101.095 531.949 128.094 curveto
560.973 162.092 586.995 201.09 608.013 241.088 curveto 628.029 280.086 lineto
659.055 339.082 684.06 364.081 755.06 363.081 curveto 755.06 406.063 lineto 472.9 406.063 lineto closepath
233.078 367.081 moveto
236.078 370.081 240.079 372.081 244.079 373.081 curveto
292.046 270.086 354.995 174.091 431.933 89.0961 curveto
397.961 68.0973 358.992 52.0981 318.025 52.0981 curveto
228.077 52.0981 156.067 157.092 156.067 240.088 curveto
156.067 298.085 184.071 338.083 233.078 367.081 curveto closepath
318.025 455.025 moveto
297.042 488.998 274.061 554.946 274.061 595.914 curveto
274.061 644.875 298.041 693.837 352.997 693.837 curveto
406.954 693.837 433.932 651.87 433.932 601.909 curveto
433.932 526.968 386.97 478.007 318.025 455.025 curveto closepath } bind def

/quoteright {
204.0 0 setcharwidth
46.04 442.8 moveto
109.04 488.8 178.04 549.8 178.04 634.8 curveto
178.04 689.8 155.04 736.8 94.04 736.8 curveto
63.04 736.8 32.04 710.8 32.04 678.8 curveto
32.04 647.8 57.04 618.8 89.04 618.8 curveto
96.04 618.8 106.04 618.8 113.04 620.8 curveto
117.04 621.8 lineto
122.04 621.8 lineto
123.04 620.8 124.04 619.8 125.04 618.8 curveto
135.04 567.8 61.04 498.8 24.04 471.8 curveto closepath } bind def

/parenleft {
333.0 0 setcharwidth
278.96 736.76 moveto
208.96 694.771 144.96 636.795 103.96 564.824 curveto
60.96 488.855 35.96 401.891 35.96 313.927 curveto
35.96 130.002 119.96 -26.9341 277.96 -123.9 curveto
277.96 -96.9055 lineto
238.96 -68.9169 203.96 -29.9329 176.96 9.05127 curveto
124.96 85.0202 115.96 212.968 115.96 302.931 curveto
115.96 345.914 115.96 394.894 123.96 437.876 curveto
133.96 491.854 143.96 539.835 169.96 587.815 curveto
194.96 631.797 237.96 680.777 278.96 708.766 curveto closepath } bind def

/parenright {
333.0 0 setcharwidth
53.9 -124.04 moveto
121.9 -83.0439 185.9 -25.0522 226.9 43.9378 curveto
270.9 118.927 296.9 204.915 296.9 290.902 curveto
296.9 475.876 215.9 639.852 55.9 736.84 curveto
55.9 710.842 lineto
153.9 633.853 185.9 572.862 207.9 452.879 curveto
216.9 404.886 217.9 356.893 217.9 308.9 curveto
217.9 232.911 210.9 158.921 188.9 84.9319 curveto
165.9 9.94269 126.9 -30.0515 70.9 -85.0436 curveto
64.9 -89.043 59.9 -92.0426 53.9 -96.042 curveto closepath } bind def

/asterisk {
500.0 0 setcharwidth
265.12 501.78 moveto
286.12 488.78 lineto
316.12 469.78 335.12 458.78 352.12 426.78 curveto
364.12 403.78 378.12 392.78 405.12 391.78 curveto
425.12 394.78 443.12 409.78 443.12 430.78 curveto
443.12 439.78 437.12 453.78 430.12 458.78 curveto
427.12 462.78 422.12 464.78 419.12 467.78 curveto
405.12 472.78 391.12 474.78 377.12 476.78 curveto
344.12 479.78 327.12 486.78 298.12 502.78 curveto
276.12 515.78 lineto
275.12 523.78 lineto
293.12 533.78 lineto
323.12 549.78 345.12 562.78 381.12 562.78 curveto
403.12 562.78 426.12 565.78 438.12 587.78 curveto
448.12 604.78 441.12 630.78 425.12 640.78 curveto
421.12 644.78 415.12 646.78 410.12 647.78 curveto
369.12 653.78 356.12 605.78 332.12 582.78 curveto
319.12 571.78 304.12 562.78 289.12 552.78 curveto
267.12 538.78 lineto
261.12 543.78 lineto
261.12 568.78 lineto
263.12 608.78 264.12 621.78 282.12 656.78 curveto
286.12 665.78 292.12 679.78 292.12 689.78 curveto
292.12 713.78 278.12 736.78 251.12 736.78 curveto
231.12 736.78 219.12 724.78 214.12 705.78 curveto
208.12 690.78 216.12 668.78 223.12 654.78 curveto
237.12 627.78 243.12 601.78 243.12 570.78 curveto
243.12 544.78 lineto
234.12 540.78 lineto
214.12 553.78 lineto
195.12 565.78 176.12 577.78 162.12 595.78 curveto
156.12 600.78 152.12 608.78 148.12 614.78 curveto
131.12 642.78 113.12 656.78 79.12 645.78 curveto
74.12 642.78 70.12 638.78 67.12 633.78 curveto
62.12 628.78 60.12 621.78 59.12 615.78 curveto
55.12 598.78 67.12 579.78 83.12 573.78 curveto
88.12 572.78 93.12 570.78 98.12 568.78 curveto
117.12 565.78 136.12 563.78 155.12 559.78 curveto
173.12 556.78 188.12 548.78 203.12 539.78 curveto
225.12 526.78 lineto
226.12 516.78 lineto
204.12 505.78 lineto
184.12 494.78 164.12 483.78 141.12 482.78 curveto
123.12 481.78 105.12 478.78 87.12 475.78 curveto
82.12 472.78 77.12 469.78 71.12 467.78 curveto
67.12 463.78 64.12 458.78 61.12 454.78 curveto
56.12 442.78 53.12 428.78 61.12 416.78 curveto
64.12 410.78 68.12 404.78 74.12 401.78 curveto
108.12 383.78 131.12 406.78 149.12 432.78 curveto
170.12 461.78 180.12 468.78 211.12 488.78 curveto
234.12 502.78 lineto
240.12 498.78 lineto
240.12 474.78 lineto
239.12 435.78 237.12 419.78 220.12 384.78 curveto
215.12 374.78 lineto
209.12 365.78 207.12 353.78 208.12 342.78 curveto
211.12 320.78 225.12 305.78 248.12 305.78 curveto
263.12 305.78 270.12 308.78 281.12 318.78 curveto
286.12 326.78 289.12 334.78 289.12 343.78 curveto
289.12 359.78 287.12 360.78 282.12 374.78 curveto
280.12 379.78 277.12 384.78 275.12 389.78 curveto
274.12 393.78 272.12 396.78 270.12 399.78 curveto
268.12 406.78 266.12 414.78 263.12 421.78 curveto
259.12 437.78 259.12 453.78 259.12 470.78 curveto
259.12 497.78 lineto closepath } bind def

/plus {
606.0 0 setcharwidth
265.0 279.08 moveto
51.0 279.08 lineto
51.0 203.08 lineto
265.0 203.08 lineto
265.0 -12.92 lineto
341.0 -12.92 lineto
341.0 203.08 lineto
555.0 203.08 lineto
555.0 279.08 lineto
341.0 279.08 lineto
341.0 492.08 lineto
265.0 492.08 lineto closepath } bind def

/comma {
278.0 0 setcharwidth
86.12 -184.06 moveto
147.12 -140.06 218.12 -75.06 218.12 6.94 curveto
218.12 61.94 193.12 108.94 133.12 108.94 curveto
102.12 108.94 72.12 81.94 72.12 50.94 curveto
72.12 27.94 82.12 11.94 101.12 -1.06 curveto
121.12 -8.06 131.12 -10.06 152.12 -7.06 curveto
158.12 -6.06 lineto
161.12 -6.06 lineto
162.12 -7.06 163.12 -7.06 164.12 -8.06 curveto
176.12 -22.06 148.12 -67.06 140.12 -79.06 curveto
120.12 -109.06 91.12 -132.06 64.12 -155.06 curveto closepath } bind def

/hyphen {
333.0 0 setcharwidth
291.06 197.08 moveto
291.06 279.08 lineto
42.06 279.08 lineto
42.06 197.08 lineto closepath } bind def

/period {
278.0 0 setcharwidth
73.94 47.16 moveto
73.94 13.16 103.94 -14.84 137.94 -14.84 curveto
169.94 -14.84 198.94 15.16 198.94 47.16 curveto
198.94 80.16 169.94 109.16 136.94 109.16 curveto
103.94 109.16 73.94 81.16 73.94 47.16 curveto closepath } bind def

/slash {
278.0 0 setcharwidth
244.0 736.76 moveto
-23.0 -14.84 lineto
32.0 -14.84 lineto
302.0 736.76 lineto closepath } bind def

/zero {
556.0 0 setcharwidth
278.04 -14.9 moveto
360.067 -14.9 419.087 35.0916 458.1 103.071 curveto
498.1 174.05 514.1 262.024 514.1 343.001 curveto
514.1 377.99 510.1 412.98 504.1 447.97 curveto
493.1 509.951 475.1 563.935 437.093 615.92 curveto
398.08 668.904 345.062 704.9 278.04 704.9 curveto
200.014 704.9 136.993 649.91 100.981 584.929 curveto
58.98 509.951 41.98 429.975 41.98 345.0 curveto
41.98 273.021 55.98 180.049 89.98 116.068 curveto
108.984 82.0777 136.993 45.0886 167.003 21.0958 curveto
195.013 -0.900024 243.028 -14.9 278.04 -14.9 curveto closepath
278.04 661.906 moveto
381.074 661.906 400.08 512.95 403.081 435.973 curveto
404.082 408.981 405.082 382.989 405.082 355.997 curveto
405.082 296.014 403.081 222.036 394.078 164.053 curveto
385.075 103.071 348.063 28.0936 278.04 28.0936 curveto
167.003 28.0936 154.999 181.048 152.999 263.024 curveto
151.998 293.015 150.998 324.006 150.998 353.997 curveto
150.998 379.99 151.998 405.982 152.999 431.974 curveto
157.0 509.951 171.005 661.906 278.04 661.906 curveto closepath } bind def

/one {
556.0 0 setcharwidth
189.98 588.933 moveto
257.98 588.933 252.98 573.936 252.98 512.95 curveto
252.98 110.04 lineto
252.98 93.0442 253.98 72.0489 239.98 59.0518 curveto
236.98 55.0527 232.98 53.0532 228.98 52.0534 curveto
189.98 42.0556 148.98 48.0543 108.98 45.0549 curveto
108.98 0.0599976 lineto
493.98 0.0599976 lineto
493.98 45.0549 lineto
420.98 45.0549 lineto
406.98 46.0547 391.98 46.0547 377.98 48.0543 curveto
371.98 51.0536 364.98 53.0532 360.98 58.0521 curveto
355.98 62.0511 353.98 68.0498 351.98 73.0486 curveto
346.98 86.0457 347.98 103.042 347.98 117.039 curveto
353.98 704.92 lineto
319.98 704.92 lineto
259.98 652.92 179.98 632.923 101.98 630.924 curveto
101.98 588.933 lineto closepath } bind def

/two {
556.0 0 setcharwidth
34.9 -4.12 moveto
115.907 -2.12 195.925 -0.119995 276.943 -0.119995 curveto
346.958 -0.119995 416.974 -2.12 486.98 -4.12 curveto
504.98 211.928 lineto
462.98 211.928 lineto
451.98 156.912 lineto
439.979 95.8951 434.978 87.8929 372.964 87.8929 curveto
137.912 87.8929 lineto
170.919 121.902 lineto
224.931 173.917 lineto
374.965 297.952 lineto
445.98 356.969 498.98 417.986 498.98 515.013 curveto
498.98 633.046 386.967 705.06 278.943 705.06 curveto
243.936 705.06 201.926 699.06 168.919 684.06 curveto
132.911 668.056 93.9023 637.047 73.9 602.037 curveto
58.9 577.03 50.9 550.023 50.9 520.014 curveto
50.9 477.002 69.9 411.984 123.909 411.984 curveto
157.916 411.984 189.924 432.99 189.924 469.0 curveto
189.924 491.006 180.922 513.012 161.917 524.015 curveto
151.915 531.017 140.913 535.018 129.91 539.02 curveto
126.91 542.021 122.909 544.021 118.908 546.022 curveto
116.907 549.022 114.907 553.023 114.907 557.025 curveto
116.907 623.043 192.924 660.054 251.937 660.054 curveto
334.956 660.054 389.968 613.04 389.968 529.017 curveto
389.968 441.992 341.957 373.973 285.945 313.956 curveto
141.913 157.913 lineto
45.9 38.88 lineto
34.9 23.88 lineto closepath } bind def

/three {
556.0 0 setcharwidth
265.0 342.987 moveto
361.0 348.985 390.0 270.007 390.0 188.03 curveto
390.0 97.055 350.0 29.0739 251.0 29.0739 curveto
223.0 29.0739 198.0 31.0733 172.0 41.0705 curveto
155.0 48.0686 119.0 65.0638 115.0 86.058 curveto
113.0 89.0572 113.0 94.0558 115.0 97.055 curveto
118.0 107.052 127.0 111.051 136.0 117.049 curveto
163.0 134.045 174.0 140.043 174.0 176.033 curveto
174.0 211.023 142.0 234.017 110.0 234.017 curveto
67.0 234.017 42.0 195.028 42.0 155.039 curveto
42.0 30.0736 157.0 -14.92 264.0 -14.92 curveto
386.0 -14.92 498.0 53.0672 498.0 185.03 curveto
498.0 286.002 434.0 350.984 336.0 366.98 curveto
416.0 386.975 479.0 443.961 479.0 530.94 curveto
479.0 647.924 382.0 704.92 275.0 704.92 curveto
229.0 704.92 184.0 696.92 145.0 670.922 curveto
103.0 642.925 69.0 598.931 69.0 545.938 curveto
69.0 507.945 94.0 474.953 134.0 474.953 curveto
170.0 474.953 191.0 502.946 191.0 536.939 curveto
191.0 555.937 178.0 573.934 163.0 583.933 curveto
155.0 589.932 lineto
151.0 594.931 148.0 596.931 148.0 603.93 curveto
148.0 605.93 150.0 616.929 153.0 617.928 curveto
174.0 649.924 227.0 660.923 263.0 660.923 curveto
347.0 660.923 378.0 607.93 378.0 530.94 curveto
378.0 491.949 372.0 448.96 345.0 418.967 curveto
314.0 384.975 271.0 386.975 229.0 389.974 curveto
206.0 390.974 172.0 397.972 172.0 362.981 curveto
172.0 354.983 180.0 344.986 188.0 342.987 curveto
197.0 338.988 207.0 339.987 217.0 340.987 curveto closepath } bind def

/four {
556.0 0 setcharwidth
309.9 175.946 moveto
309.9 112.96 lineto
309.9 92.9642 312.9 69.9692 298.9 53.9728 curveto
282.9 41.9755 261.9 42.9752 243.9 42.9752 curveto
230.9 42.9752 217.9 42.9752 204.9 42.9752 curveto
204.9 -0.0199585 lineto
498.9 -0.0199585 lineto
498.9 17.98 lineto
498.9 48.9739 504.9 42.9752 484.9 42.9752 curveto
460.9 42.9752 434.9 40.9756 413.9 52.973 curveto
398.9 72.9686 402.9 101.962 402.9 124.957 curveto
402.9 141.953 402.9 157.95 402.9 174.946 curveto
526.9 174.946 lineto
526.9 228.939 lineto
402.9 228.939 lineto
402.9 554.923 lineto
404.9 610.921 lineto
404.9 641.92 407.9 673.92 410.9 704.92 curveto
369.9 704.92 lineto
27.9 229.939 lineto
27.9 175.946 lineto closepath
309.9 540.924 moveto
309.9 228.939 lineto
85.9 228.939 lineto closepath } bind def

/five {
556.0 0 setcharwidth
138.913 113.114 moveto
163.925 130.107 175.931 141.102 175.931 174.088 curveto
175.931 209.073 143.916 231.063 111.901 231.063 curveto
71.9 231.063 44.9 193.08 44.9 156.096 curveto
44.9 104.118 65.9 58.1373 106.9 26.151 curveto
150.919 -7.84003 203.944 -14.84 257.97 -14.84 curveto
398.036 -14.84 502.06 79.1284 502.06 222.067 curveto
502.06 360.008 409.041 449.989 270.976 449.989 curveto
226.955 449.989 184.935 435.984 144.916 418.983 curveto
160.924 594.043 lineto
187.937 586.04 215.95 581.038 243.963 579.037 curveto
260.971 578.037 277.979 576.036 294.987 576.036 curveto
374.025 576.036 449.06 612.049 477.06 690.06 curveto
480.06 694.06 477.06 699.06 477.06 703.06 curveto
477.06 705.06 466.06 705.06 465.06 704.06 curveto
452.06 698.06 lineto
413.043 681.06 376.026 674.06 333.005 674.06 curveto
263.973 674.06 195.94 688.06 129.909 705.06 curveto
119.904 705.06 lineto
118.904 687.06 117.904 671.06 117.904 654.06 curveto
113.902 565.032 101.9 476.999 93.9 387.996 curveto
90.9 384.998 87.9 381.999 85.9 378.001 curveto
77.9 372.003 66.9 349.013 66.9 340.017 curveto
66.9 324.024 72.9 311.029 88.9 306.031 curveto
94.9 304.032 101.9 303.033 107.9 306.031 curveto
113.902 308.031 119.904 313.028 124.907 317.027 curveto
128.909 323.024 131.91 329.022 134.912 336.019 curveto
138.913 345.015 139.914 355.011 139.914 365.006 curveto
169.928 389.996 209.947 402.99 248.966 402.99 curveto
356.016 402.99 395.035 313.028 395.035 219.069 curveto
395.035 126.108 360.018 25.1515 249.966 25.1515 curveto
215.95 25.1515 117.904 44.1434 117.904 90.1237 curveto
117.904 97.1207 127.908 104.118 131.91 109.116 curveto closepath } bind def

/six {
556.0 0 setcharwidth
148.96 332.103 moveto
148.96 349.103 149.96 365.102 150.96 382.101 curveto
155.96 443.069 161.96 499.03 187.96 554.99 curveto
215.96 618.945 263.96 661.915 336.96 661.915 curveto
355.96 661.915 396.96 658.917 391.96 630.937 curveto
389.96 624.941 386.96 618.945 384.96 613.949 curveto
377.96 600.958 372.96 588.966 372.96 573.977 curveto
372.96 542.0 398.96 515.019 430.96 515.019 curveto
468.96 515.019 496.96 546.996 496.96 583.97 curveto
496.96 671.908 402.96 704.9 329.96 704.9 curveto
233.96 704.9 155.96 649.924 107.96 568.981 curveto
60.96 488.038 41.96 395.1 41.96 301.105 curveto
41.96 151.113 116.96 -14.88 288.96 -14.88 curveto
424.96 -14.88 515.96 92.1157 515.96 224.109 curveto
515.96 340.103 433.96 429.079 315.96 429.079 curveto
241.96 429.079 187.96 394.1 148.96 332.103 curveto closepath
290.96 370.102 moveto
377.96 370.102 409.96 294.105 409.96 218.109 curveto
409.96 143.113 386.96 27.119 290.96 27.119 curveto
238.96 27.119 208.96 50.1177 183.96 95.1155 curveto
166.96 126.114 157.96 166.112 157.96 201.11 curveto
157.96 286.106 192.96 370.102 290.96 370.102 curveto closepath } bind def

/seven {
556.0 0 setcharwidth
100.96 456.086 moveto
114.96 524.084 lineto
120.96 548.083 125.96 575.082 136.96 597.082 curveto
138.96 601.082 142.96 604.081 145.96 607.081 curveto
158.96 616.081 187.96 611.081 201.96 610.081 curveto
241.96 606.081 280.966 606.081 319.986 606.081 curveto
431.041 606.081 lineto
370.011 476.086 204.96 197.094 204.96 60.0985 curveto
204.96 22.0997 221.96 -14.9 264.96 -14.9 curveto
322.987 -14.9 329.991 34.0993 330.991 81.0978 curveto
331.992 109.097 332.992 136.096 332.992 164.095 curveto
332.992 184.095 331.992 206.094 334.993 226.093 curveto
336.994 242.093 338.995 257.092 342.997 272.092 curveto
360.006 344.09 407.029 456.086 439.045 525.084 curveto
508.06 672.08 lineto
508.06 700.08 lineto
464.057 693.08 419.035 693.08 375.013 693.08 curveto
278.965 693.08 183.96 696.08 88.96 705.08 curveto
58.96 462.086 lineto closepath } bind def

/eight {
556.0 0 setcharwidth
368.1 389.002 moveto
430.1 414.991 483.1 471.967 483.1 541.939 curveto
483.1 652.893 383.1 704.88 285.1 704.88 curveto
236.1 704.88 183.1 691.88 144.1 659.89 curveto
102.1 626.904 75.1 566.928 75.1 513.95 curveto
75.1 434.983 121.1 373.008 193.1 343.021 curveto
114.1 319.03 41.1 265.053 41.1 174.09 curveto
41.1 119.113 67.1 67.1344 110.1 33.1485 curveto
156.1 -2.83997 216.1 -14.84 273.1 -14.84 curveto
329.1 -14.84 394.1 0.160034 438.1 35.1476 curveto
485.1 73.132 513.1 136.106 513.1 196.081 curveto
513.1 296.04 458.1 356.015 368.1 389.002 curveto closepath
298.1 302.038 moveto
328.1 291.042 361.1 282.046 387.1 262.054 curveto
420.1 234.066 436.1 203.078 436.1 159.096 curveto
436.1 67.1344 356.1 25.1518 273.1 25.1518 curveto
183.1 25.1518 122.1 72.1324 122.1 166.094 curveto
122.1 248.06 161.1 292.042 233.1 325.028 curveto closepath
334.1 402.996 moveto
257.1 419.989 149.1 459.972 149.1 554.933 curveto
149.1 628.903 215.1 662.889 281.1 662.889 curveto
358.1 662.889 412.1 617.907 412.1 537.94 curveto
412.1 475.966 381.1 439.981 334.1 402.996 curveto closepath } bind def

/nine {
556.0 0 setcharwidth
405.935 356.019 moveto
406.935 314.032 400.934 272.044 392.933 231.056 curveto
383.932 185.069 372.931 137.083 347.928 97.0941 curveto
320.925 53.1066 276.92 27.114 224.915 27.114 curveto
209.913 27.114 163.908 29.1135 163.908 53.1066 curveto
163.908 60.1046 166.908 66.1029 169.909 72.1012 curveto
174.909 82.0983 182.91 100.093 182.91 112.09 curveto
182.91 147.08 159.907 172.073 124.904 172.073 curveto
86.9 172.073 57.9 141.082 57.9 103.092 curveto
57.9 64.1035 80.9 32.1126 112.902 12.1183 curveto
143.906 -7.88 190.911 -14.88 226.915 -14.88 curveto
319.925 -14.88 399.934 38.1109 446.939 116.089 curveto
492.94 192.067 512.94 287.04 512.94 375.013 curveto
512.94 529.966 446.939 704.92 265.919 704.92 curveto
132.904 704.92 38.9 591.948 38.9 463.986 curveto
38.9 351.021 119.903 258.048 235.916 258.048 curveto
309.924 258.048 366.93 294.038 405.935 356.019 curveto closepath
268.919 660.927 moveto
366.93 660.927 395.934 556.958 395.934 476.982 curveto
395.934 436.995 390.933 406.004 369.931 371.014 curveto
348.928 337.025 309.924 316.031 269.92 316.031 curveto
179.91 316.031 145.906 390.009 145.906 469.984 curveto
145.906 551.96 165.908 660.927 268.919 660.927 curveto closepath } bind def

/colon {
278.0 0 setcharwidth
210.94 47.16 moveto
210.94 81.16 180.94 109.16 147.94 109.16 curveto
114.94 109.16 85.94 80.16 85.94 47.16 curveto
85.94 13.16 115.94 -14.84 148.94 -14.84 curveto
181.94 -14.84 210.94 13.16 210.94 47.16 curveto closepath
85.94 411.94 moveto
85.94 377.94 115.94 349.94 148.94 349.94 curveto
181.94 349.94 210.94 378.94 210.94 411.94 curveto
210.94 445.94 181.94 474.94 147.94 474.94 curveto
113.94 474.94 85.94 444.94 85.94 411.94 curveto closepath } bind def

/semicolon {
278.0 0 setcharwidth
145.08 348.952 moveto
180.08 348.952 209.08 376.952 209.08 411.952 curveto
209.08 451.952 179.08 474.952 142.08 474.952 curveto
107.08 474.952 81.08 445.952 81.08 411.952 curveto
81.08 375.952 109.08 348.952 145.08 348.952 curveto closepath
94.08 -189.1 moveto
155.08 -145.1 226.08 -79.1 226.08 1.90588 curveto
226.08 56.9131 201.08 103.919 141.08 103.919 curveto
110.08 103.919 80.08 76.9158 80.08 45.9117 curveto
80.08 22.9086 90.08 6.90649 109.08 -6.09515 curveto
130.08 -13.0961 139.08 -15.0964 160.08 -12.096 curveto
169.08 -11.0958 lineto
184.08 -28.0981 156.08 -72.1 148.08 -84.1 curveto
128.08 -113.1 99.08 -137.1 72.08 -160.1 curveto closepath } bind def

/less {
606.0 0 setcharwidth
143.98 238.92 moveto
557.98 430.037 lineto
557.98 503.06 lineto
48.98 270.94 lineto
48.98 206.934 lineto
557.98 -24.98 lineto
557.98 48.0039 lineto closepath } bind def

/equal {
606.0 0 setcharwidth
555.12 374.1 moveto
51.12 374.1 lineto
51.12 299.077 lineto
555.12 299.077 lineto closepath
555.12 179.003 moveto
51.12 179.003 lineto
51.12 103.98 lineto
555.12 103.98 lineto closepath } bind def

/greater {
606.0 0 setcharwidth
48.02 48.0039 moveto
48.02 -24.98 lineto
557.02 206.934 lineto
557.02 270.94 lineto
48.02 503.06 lineto
48.02 430.037 lineto
462.02 238.92 lineto closepath } bind def

/question {
444.0 0 setcharwidth
216.038 194.949 moveto
216.038 211.924 217.037 228.917 218.036 244.914 curveto
221.033 305.902 246.009 334.896 289.967 371.889 curveto
348.91 421.879 410.9 474.868 410.9 559.851 curveto
410.9 668.829 326.931 736.82 221.033 736.82 curveto
206.048 736.82 191.06 735.82 176.06 732.82 curveto
133.06 725.82 107.06 717.82 73.06 688.825 curveto
46.06 664.83 25.06 623.838 25.06 587.845 curveto
25.06 551.853 49.06 510.861 89.06 510.861 curveto
119.06 510.861 145.06 533.856 145.06 564.85 curveto
145.06 588.845 130.06 607.841 112.06 621.839 curveto
104.06 627.837 lineto
83.06 673.828 158.06 693.824 190.06 693.824 curveto
272.983 693.824 307.95 642.834 307.95 563.85 curveto
307.95 518.859 290.966 479.867 264.991 444.874 curveto
232.023 400.883 lineto
179.06 327.897 171.06 284.906 174.06 194.949 curveto closepath
131.06 47.16 moveto
131.06 13.16 160.06 -14.84 193.06 -14.84 curveto
227.06 -14.84 256.06 13.16 256.06 47.16 curveto
256.06 81.16 226.06 109.16 193.06 109.16 curveto
160.06 109.16 131.06 80.16 131.06 47.16 curveto closepath } bind def

/at {
737.0 0 setcharwidth
635.936 186.081 moveto
584.932 103.089 502.925 46.096 409.917 46.096 curveto
237.902 46.096 99.9 166.08 99.9 360.091 curveto
99.9 546.07 228.901 674.885 397.916 674.885 curveto
464.921 674.885 524.927 651.918 575.931 603.987 curveto
620.935 561.049 653.938 500.099 653.938 434.095 curveto
653.938 373.091 631.936 307.088 599.933 257.085 curveto
582.932 232.083 542.928 182.081 510.925 182.081 curveto
495.924 182.081 490.924 198.082 490.924 212.082 curveto
490.924 222.083 491.924 227.083 493.924 236.084 curveto
567.93 533.089 lineto
473.922 533.089 lineto
457.921 468.097 lineto
449.92 513.099 419.917 542.076 375.914 542.076 curveto
265.904 542.076 170.9 421.094 170.9 305.088 curveto
170.9 263.085 179.9 228.083 207.9 197.082 curveto
230.901 171.08 263.904 153.082 296.907 153.082 curveto
351.912 153.082 379.914 187.081 412.917 236.084 curveto
415.917 191.081 436.919 147.083 483.923 147.083 curveto
536.928 147.083 600.933 196.082 636.936 236.084 curveto
683.94 290.087 704.94 363.091 704.94 436.095 curveto
704.94 532.091 669.939 604.985 599.933 660.905 curveto
540.928 709.84 465.921 736.84 391.915 736.84 curveto
191.9 736.84 42.9 568.039 42.9 353.09 curveto
42.9 136.084 203.9 -14.9 398.916 -14.9 curveto
524.927 -14.9 642.937 65.0936 699.94 186.081 curveto closepath
315.908 185.081 moveto
273.905 185.081 265.904 235.084 265.904 269.086 curveto
265.904 336.089 315.908 509.099 391.915 509.099 curveto
426.918 509.099 438.919 466.097 438.919 434.095 curveto
438.919 389.092 423.918 326.089 406.916 283.086 curveto
391.915 248.084 357.912 185.081 315.908 185.081 curveto closepath } bind def

/A {
722.0 0 setcharwidth
96.0772 122.992 moveto
77.0795 74.0253 46.08 46.0442 -7.92 45.0449 curveto
-7.92 0.0599976 lineto
256.06 0.0599976 lineto
256.06 45.0449 lineto
216.062 46.0442 154.07 47.0435 154.07 102.007 curveto
154.07 121.993 159.069 133.985 166.069 153.972 curveto
175.067 181.953 185.066 207.935 196.065 234.917 curveto
466.06 234.917 lineto
525.06 90.0146 lineto
527.06 84.0186 529.06 77.0234 529.06 73.026 curveto
529.06 62.0334 518.06 52.0402 508.06 51.0408 curveto
481.06 45.0449 452.06 46.0442 424.06 45.0449 curveto
424.06 0.0599976 lineto
731.06 0.0599976 lineto
731.06 45.0449 lineto
685.06 47.0435 662.06 42.0469 642.06 89.0153 curveto
377.06 736.76 lineto
338.06 736.76 lineto closepath
215.063 285.892 moveto
329.06 579.802 lineto
447.06 285.892 lineto closepath } bind def

/B {
722.0 0 setcharwidth
250.097 611.881 moveto
250.097 623.879 250.097 635.876 252.097 647.873 curveto
258.097 662.869 260.097 665.868 275.096 673.866 curveto
293.095 677.865 311.094 677.865 329.094 677.865 curveto
368.092 677.865 425.089 676.865 461.087 658.87 curveto
503.085 636.875 520.084 582.888 520.084 537.9 curveto
520.084 481.913 506.085 435.925 452.088 411.93 curveto
414.089 394.935 335.093 394.935 292.095 394.935 curveto
278.096 394.935 264.097 395.934 250.097 395.934 curveto closepath
342.093 0.0599976 moveto
356.092 0.0599976 370.092 0.0599976 384.091 1.06 curveto
415.089 1.06 445.088 3.06 475.086 7.06 curveto
496.085 11.06 518.084 14.06 538.083 22.06 curveto
581.081 39.0544 601.08 48.0513 632.08 84.0389 curveto
657.08 113.029 670.08 161.013 670.08 199.0 curveto
670.08 317.959 559.082 367.942 457.087 376.939 curveto
555.083 387.936 634.08 444.922 634.08 550.896 curveto
634.08 606.883 601.08 656.87 555.083 686.863 curveto
507.085 717.86 447.088 721.86 392.09 721.86 curveto
30.1 721.86 lineto
30.1 676.865 lineto
58.1 676.865 85.1 674.866 113.1 672.866 curveto
131.1 666.868 139.1 661.869 140.1 641.874 curveto
141.1 626.878 lineto
141.1 119.027 lineto
141.1 104.032 142.1 89.0372 139.1 75.0421 curveto
134.1 61.0468 128.1 54.0492 113.1 51.0503 curveto
86.1 44.0527 57.1 46.0519 30.1 45.0523 curveto
30.1 0.0599976 lineto closepath
250.097 347.949 moveto
277.096 349.948 305.095 350.948 332.093 350.948 curveto
453.088 350.948 550.083 337.952 550.083 192.002 curveto
550.083 149.017 534.084 95.0352 495.085 72.043 curveto
452.088 46.0519 385.091 45.0523 335.093 45.0523 curveto
263.097 45.0523 250.097 41.0536 250.097 115.028 curveto closepath } bind def

/C {
722.0 0 setcharwidth
560.92 667.769 moveto
513.92 714.74 445.92 736.74 379.92 736.74 curveto
276.92 736.74 196.92 688.756 132.92 610.804 curveto
68.92 534.852 44.92 442.909 44.92 343.971 curveto
44.92 151.091 179.92 -14.82 380.92 -14.82 curveto
547.92 -14.82 644.92 84.1324 667.92 246.031 curveto
621.92 254.027 lineto
601.92 127.106 533.92 30.166 395.92 30.166 curveto
211.92 30.166 174.92 192.065 174.92 342.971 curveto
174.92 424.92 178.92 494.877 209.92 571.829 curveto
238.92 643.784 301.92 691.754 380.92 691.754 curveto
427.92 691.754 469.92 676.763 505.92 646.782 curveto
546.92 612.803 560.92 580.823 580.92 531.854 curveto
592.92 501.872 600.92 470.892 609.92 439.911 curveto
652.92 441.91 lineto
638.92 730.74 lineto
601.92 730.74 lineto closepath } bind def

/D {
778.0 0 setcharwidth
31.1 676.867 moveto
100.1 673.867 lineto
114.1 672.868 118.1 673.867 131.1 664.87 curveto
146.1 641.877 141.1 609.886 141.1 583.894 curveto
141.1 128.029 lineto
141.1 104.036 145.1 75.0445 131.1 54.0507 curveto
126.1 51.0516 122.1 48.0524 116.1 47.0528 curveto
98.1 46.053 79.1 46.053 61.1 45.0533 curveto
29.1 45.0533 lineto
29.1 0.0599976 lineto
353.047 0.0599976 lineto
430.02 0.0599976 476.005 1.06 547.981 30.0577 curveto
672.94 81.0427 731.94 224.0 731.94 351.963 curveto
731.94 420.942 722.94 479.925 693.94 543.906 curveto
625.954 692.862 513.992 721.86 361.044 721.86 curveto
31.1 721.86 lineto closepath
250.082 613.885 moveto
250.082 621.883 249.082 639.878 251.081 646.875 curveto
253.08 657.872 255.08 666.87 267.076 671.868 curveto
279.072 676.867 326.056 676.867 342.05 676.867 curveto
391.034 676.867 439.017 672.868 483.003 651.874 curveto
562.975 615.885 583.968 550.904 595.964 468.928 curveto
600.963 434.938 602.962 401.948 602.962 366.958 curveto
602.962 289.981 598.963 197.008 556.977 130.028 curveto
528.987 85.0415 500.996 61.0486 448.014 51.0516 curveto
420.024 45.0533 383.036 45.0533 354.046 45.0533 curveto
335.053 45.0533 288.069 43.0539 272.074 49.0522 curveto
252.081 56.05 250.082 64.0477 250.082 86.0412 curveto closepath } bind def

/E {
722.0 0 setcharwidth
30.9 676.88 moveto
55.9 676.88 80.9 676.88 105.9 673.883 curveto
124.9 671.885 135.9 666.889 138.9 646.907 curveto
139.9 632.92 139.9 617.933 139.9 603.946 curveto
139.9 119.996 lineto
139.9 106.005 139.9 91.0151 137.9 77.0242 curveto
130.9 43.0465 85.9 47.0439 58.9 45.0452 curveto
28.9 45.0452 lineto
28.9 0.0599976 lineto
643.9 0.0599976 lineto
662.9 264.916 lineto
621.9 266.915 lineto
616.9 250.918 615.9 238.919 612.9 226.926 curveto
589.9 131.988 558.9 60.0354 450.9 50.042 curveto
422.9 45.0452 395.9 45.0452 368.9 45.0452 curveto
346.9 45.0452 325.9 45.0452 304.9 49.0426 curveto
288.9 50.042 272.9 49.0426 258.9 58.0367 curveto
250.9 69.0295 248.9 71.0282 248.9 83.0203 curveto
248.9 351.903 lineto
255.9 351.903 lineto
282.9 351.903 308.9 351.903 334.9 346.904 curveto
395.9 334.906 414.9 271.915 416.9 217.932 curveto
417.9 204.94 lineto
462.9 204.94 lineto
462.9 534.009 lineto
417.9 534.009 lineto
409.9 417.948 359.9 391.919 248.9 396.925 curveto
248.9 620.931 lineto
248.9 636.916 245.9 659.896 262.9 668.888 curveto
265.9 670.886 269.9 671.885 272.9 673.883 curveto
295.9 676.88 319.9 676.88 342.9 676.88 curveto
524.9 676.88 571.9 656.898 604.9 466.002 curveto
646.9 466.002 lineto
632.9 721.86 lineto
30.9 721.86 lineto closepath } bind def

/F {
667.0 0 setcharwidth
373.9 0.0599976 moveto
373.9 45.0548 lineto
340.9 47.0544 305.9 44.0551 273.9 51.0535 curveto
268.9 53.053 261.9 55.0526 257.9 59.0516 curveto
248.9 67.0498 248.9 75.048 248.9 86.0455 curveto
248.9 349.985 lineto
284.9 348.985 326.9 352.984 359.9 334.989 curveto
401.9 311.994 413.9 259.006 416.9 214.016 curveto
417.9 205.018 lineto
461.9 205.018 lineto
461.9 531.993 lineto
417.9 531.993 lineto
408.9 414.994 359.9 392.987 248.9 395.988 curveto
248.9 611.929 lineto
248.9 647.901 241.9 672.881 284.9 674.879 curveto
307.9 675.879 330.9 676.878 353.9 676.878 curveto
446.9 676.878 522.9 678.876 564.9 580.954 curveto
580.9 543.983 589.9 503.016 595.9 463.009 curveto
637.9 466.01 lineto
623.9 721.86 lineto
30.9 721.86 lineto
30.9 676.878 lineto
47.9 676.878 64.9 675.879 81.9 674.879 curveto
98.9 673.88 115.9 674.879 129.9 663.888 curveto
132.9 658.892 134.9 652.897 137.9 646.902 curveto
139.9 638.908 139.9 629.915 139.9 621.921 curveto
139.9 103.042 lineto
139.9 88.045 140.9 69.0493 127.9 59.0516 curveto
123.9 54.0528 117.9 52.0532 111.9 51.0535 curveto
84.9 44.0551 55.9 46.0546 28.9 45.0548 curveto
28.9 0.0599976 lineto closepath } bind def

/G {
778.0 0 setcharwidth
573.052 665.773 moveto
522.042 715.74 457.029 736.74 386.015 736.74 curveto
280.994 736.74 207.98 692.755 138.966 617.806 curveto
68.96 543.857 41.96 443.925 41.96 342.994 curveto
41.96 253.048 68.96 162.097 129.965 95.133 curveto
191.977 27.1695 279.994 -14.82 373.013 -14.82 curveto
455.029 -14.82 535.045 14.1765 589.055 78.1422 curveto
627.06 -14.82 lineto
664.06 -14.82 lineto
664.06 240.055 lineto
668.06 264.042 667.06 272.038 693.06 277.035 curveto
719.06 283.032 746.06 282.033 772.06 283.032 curveto
772.06 328.005 lineto
451.028 328.005 lineto
451.028 283.032 lineto
480.034 282.033 509.039 283.032 537.045 277.035 curveto
565.05 270.039 563.05 232.059 563.05 210.071 curveto
563.05 199.077 563.05 185.085 561.05 172.092 curveto
554.048 122.119 544.046 97.1319 503.038 66.1486 curveto
468.031 40.1625 432.024 30.1679 386.015 30.1679 curveto
310.0 30.1679 242.987 71.1459 207.98 140.109 curveto
174.974 207.073 169.973 286.03 169.973 358.983 curveto
169.973 497.888 208.98 691.755 383.015 691.755 curveto
530.044 691.755 590.055 570.838 622.06 447.922 curveto
664.06 449.921 lineto
649.06 730.74 lineto
612.06 730.74 lineto closepath } bind def

/H {
833.0 0 setcharwidth
358.915 0.0599976 moveto
358.915 45.0613 lineto
343.913 45.0613 292.909 46.0613 274.907 49.0615 curveto
260.906 51.0616 248.905 63.0623 248.905 75.063 curveto
248.905 347.078 lineto
582.935 347.078 lineto
581.935 81.0634 lineto
579.935 33.0606 500.928 51.0616 470.925 45.0613 curveto
470.925 0.0599976 lineto
801.94 0.0599976 lineto
801.94 45.0613 lineto
774.94 47.0614 746.94 44.0612 720.94 51.0616 curveto
704.94 55.0618 691.94 65.0624 691.94 78.0632 curveto
691.94 649.893 lineto
691.94 665.883 697.94 669.88 713.94 672.878 curveto
743.94 677.874 773.94 675.876 803.94 676.875 curveto
803.94 721.86 lineto
472.925 721.86 lineto
472.925 676.875 lineto
493.927 675.876 544.932 677.874 563.933 671.879 curveto
574.934 668.88 582.935 659.887 582.935 649.893 curveto
582.935 399.062 lineto
248.905 399.062 lineto
248.905 642.898 lineto
248.905 655.889 259.906 670.879 273.907 672.878 curveto
289.909 674.876 341.913 676.875 360.915 676.875 curveto
360.915 721.86 lineto
28.9 721.86 lineto
28.9 676.875 lineto
55.9 673.877 139.9 684.87 139.9 644.897 curveto
139.9 78.0632 lineto
139.9 50.0616 61.9 47.0614 28.9 45.0613 curveto
28.9 0.0599976 lineto closepath } bind def

/I {
407.0 0 setcharwidth
367.02 0.0599976 moveto
367.02 45.0533 lineto
335.02 49.0522 296.02 38.0554 269.02 58.0495 curveto
264.02 62.0483 262.02 68.0466 259.02 73.045 curveto
257.02 81.0427 258.02 89.0403 258.02 98.0377 curveto
258.02 617.884 lineto
258.02 628.881 258.02 639.878 260.02 650.874 curveto
267.02 664.87 273.02 669.869 288.02 673.867 curveto
315.02 676.867 342.02 676.867 369.02 676.867 curveto
369.02 721.86 lineto
39.02 721.86 lineto
39.02 676.867 lineto
71.02 672.868 110.02 683.865 138.02 664.87 curveto
150.02 650.874 149.02 640.877 149.02 622.883 curveto
149.02 101.037 lineto
149.02 76.0442 149.02 61.0486 123.02 51.0516 curveto
105.02 44.0536 59.02 46.053 38.02 45.0533 curveto
38.02 0.0599976 lineto closepath } bind def

/J {
556.0 0 setcharwidth
428.9 615.88 moveto
428.9 650.872 429.9 672.866 469.9 674.866 curveto
492.9 675.866 514.9 676.865 536.9 676.865 curveto
536.9 721.86 lineto
204.008 721.86 lineto
204.008 676.865 lineto
232.99 676.865 262.971 676.865 291.952 673.866 curveto
308.942 668.867 313.938 663.869 317.936 646.873 curveto
320.934 635.875 319.935 622.878 319.935 611.881 curveto
319.935 273.963 lineto
319.935 230.974 319.935 162.023 307.942 120.066 curveto
291.952 63.1236 245.982 30.1572 187.019 30.1572 curveto
154.04 30.1572 119.062 40.147 94.0781 63.1236 curveto
79.08 75.1115 50.08 109.077 60.08 130.056 curveto
62.08 131.055 65.08 134.052 66.08 136.049 curveto
68.08 137.049 71.08 138.047 74.08 138.047 curveto
87.08 137.049 99.0749 133.053 112.067 133.053 curveto
154.04 133.053 177.025 164.021 177.025 203.98 curveto
177.025 248.969 145.046 275.963 101.074 275.963 curveto
39.08 275.963 5.08 213.978 5.08 159.026 curveto
5.08 41.146 97.0762 -14.82 205.008 -14.82 curveto
268.967 -14.82 336.924 2.17999 379.9 51.1358 curveto
422.9 101.085 426.9 173.012 428.9 235.972 curveto closepath } bind def

/K {
778.0 0 setcharwidth
358.9 0.0599976 moveto
358.9 45.0533 lineto
290.9 47.0528 lineto
284.9 47.0528 278.9 49.0522 272.9 49.0522 curveto
268.9 51.0516 263.9 53.051 259.9 56.05 curveto
256.9 60.0489 252.9 65.0474 250.9 70.046 curveto
247.9 93.0391 248.9 116.032 248.9 139.026 curveto
248.9 248.993 lineto
365.9 369.957 lineto
544.9 108.035 lineto
553.9 96.0383 571.9 75.0445 563.9 59.0492 curveto
560.9 56.05 556.9 53.051 552.9 52.0513 curveto
523.9 43.0539 492.9 45.0533 462.9 45.0533 curveto
462.9 0.0599976 lineto
802.9 0.0599976 lineto
802.9 45.0533 lineto
781.9 45.0533 761.9 47.0528 740.9 49.0522 curveto
725.9 52.0513 711.9 60.0489 702.9 73.045 curveto
693.9 81.0427 687.9 92.0395 680.9 102.036 curveto
441.9 447.934 lineto
583.9 588.893 lineto
635.9 641.877 686.9 673.867 762.9 676.867 curveto
762.9 721.86 lineto
454.9 721.86 lineto
454.9 676.867 lineto
474.9 676.867 494.9 674.867 514.9 673.867 curveto
529.9 672.868 545.9 661.871 545.9 645.876 curveto
545.9 623.882 518.9 596.89 504.9 579.895 curveto
248.9 320.972 lineto
248.9 608.887 lineto
248.9 627.881 246.9 646.875 257.9 663.87 curveto
262.9 666.87 267.9 669.869 272.9 672.868 curveto
300.9 676.867 329.9 676.867 358.9 676.867 curveto
358.9 721.86 lineto
29.9 721.86 lineto
29.9 676.867 lineto
52.9 676.867 75.9 676.867 97.9 674.867 curveto
118.9 672.868 129.9 671.868 137.9 650.874 curveto
139.9 639.878 139.9 629.88 139.9 618.884 curveto
139.9 105.036 lineto
139.9 95.0386 139.9 85.0415 138.9 75.0445 curveto
137.9 60.0489 125.9 54.0507 112.9 49.0522 curveto
85.9 45.0533 57.9 45.0533 29.9 45.0533 curveto
29.9 0.0599976 lineto closepath } bind def

/L {
667.0 0 setcharwidth
35.02 676.867 moveto
64.02 676.867 94.02 676.867 123.02 671.868 curveto
127.02 668.869 133.02 666.87 136.02 661.871 curveto
142.02 654.873 143.02 645.876 143.02 636.878 curveto
143.02 105.036 lineto
143.02 75.0445 143.02 50.0519 106.02 48.0524 curveto
82.02 46.053 59.02 46.053 35.02 45.0533 curveto
35.02 0.0599976 lineto
625.02 0.0599976 lineto
646.02 271.986 lineto
604.02 273.986 lineto
600.02 245.994 593.02 217.003 584.02 190.01 curveto
569.02 146.023 554.02 99.0374 511.02 73.045 curveto
467.02 47.0528 412.02 45.0533 362.02 45.0533 curveto
333.02 45.0533 303.02 45.0533 275.02 50.0519 curveto
251.02 59.0492 252.02 91.0397 252.02 112.034 curveto
252.02 619.883 lineto
252.02 629.88 252.02 641.877 255.02 651.874 curveto
257.02 656.872 259.02 663.87 264.02 666.87 curveto
275.02 674.867 289.02 675.867 302.02 675.867 curveto
323.02 676.867 344.02 676.867 365.02 676.867 curveto
365.02 721.86 lineto
35.02 721.86 lineto closepath } bind def

/M {
944.0 0 setcharwidth
303.024 0.0599976 moveto
303.024 45.0533 lineto
196.006 48.0524 186.004 94.0389 186.004 186.012 curveto
186.004 670.868 lineto
187.004 670.868 lineto
428.045 0.0599976 lineto
465.052 0.0599976 lineto
692.09 668.869 lineto
693.091 668.869 lineto
693.091 105.036 lineto
693.091 53.051 682.089 50.0519 631.08 47.0528 curveto
615.077 45.0533 598.074 45.0533 582.072 45.0533 curveto
582.072 0.0599976 lineto
911.1 0.0599976 lineto
911.1 45.0533 lineto
884.1 45.0533 856.1 45.0533 829.1 51.0516 curveto
805.1 55.0504 802.1 66.0471 802.1 88.0406 curveto
802.1 586.893 lineto
802.1 608.887 801.1 632.88 807.1 653.873 curveto
811.1 664.87 815.1 667.869 825.1 671.868 curveto
854.1 676.867 884.1 674.867 913.1 676.867 curveto
913.1 721.86 lineto
661.085 721.86 lineto
476.054 181.013 lineto
281.02 721.86 lineto
24.0 721.86 lineto
24.0 676.867 lineto
79.0 676.867 lineto
91.0 676.867 103.0 676.867 115.0 673.867 curveto
135.0 661.871 136.0 651.874 138.0 629.88 curveto
138.0 199.008 lineto
138.0 160.019 136.0 121.031 119.0 85.0415 curveto
104.0 53.051 53.0 47.0528 22.0 45.0533 curveto
22.0 0.0599976 lineto closepath } bind def

/N {
815.0 0 setcharwidth
307.975 0.0599976 moveto
307.975 45.0533 lineto
290.971 46.053 272.967 47.0528 255.963 51.0516 curveto
240.959 55.0504 226.956 61.0486 214.953 71.0457 curveto
186.946 104.036 188.946 143.024 188.946 183.013 curveto
188.946 596.89 lineto
639.057 -14.94 lineto
678.06 -14.94 lineto
678.06 548.904 lineto
682.06 638.878 697.06 670.868 794.06 676.867 curveto
794.06 721.86 lineto
513.026 721.86 lineto
513.026 676.867 lineto
599.047 670.868 624.053 646.875 627.054 561.901 curveto
627.054 183.013 lineto
227.956 721.86 lineto
18.94 721.86 lineto
18.94 676.867 lineto
34.94 676.867 51.94 676.867 67.94 675.867 curveto
96.94 674.867 119.94 667.869 137.94 643.876 curveto
137.94 202.007 lineto
137.94 157.02 137.94 77.0439 86.94 58.0495 curveto
64.94 50.0519 41.94 48.0524 18.94 45.0533 curveto
18.94 0.0599976 lineto closepath } bind def

/O {
778.0 0 setcharwidth
391.04 691.754 moveto
447.032 691.754 494.025 674.765 531.02 631.791 curveto
576.013 581.822 586.012 543.846 597.01 479.886 curveto
604.009 436.913 605.009 403.933 605.009 358.961 curveto
605.009 216.05 571.014 30.166 388.04 30.166 curveto
220.064 30.166 173.071 203.058 173.071 339.973 curveto
173.071 383.946 174.071 427.918 182.07 470.892 curveto
194.068 535.851 200.067 572.828 243.061 625.795 curveto
282.055 673.765 329.049 691.754 391.04 691.754 curveto closepath
45.08 359.961 moveto
45.08 168.08 186.069 -14.82 388.04 -14.82 curveto
486.026 -14.82 574.014 26.1685 637.005 101.122 curveto
694.0 170.079 733.0 276.013 733.0 365.957 curveto
733.0 454.901 696.0 556.838 637.005 623.796 curveto
571.014 697.75 487.026 736.74 388.04 736.74 curveto
187.069 736.74 45.08 551.841 45.08 359.961 curveto closepath } bind def

/P {
667.0 0 setcharwidth
364.949 0.0599976 moveto
364.949 45.0516 lineto
332.947 45.0516 lineto
312.946 46.0512 291.945 45.0516 271.944 49.0501 curveto
266.944 52.049 259.943 54.0482 256.943 59.0463 curveto
247.943 75.0403 247.943 104.029 247.943 123.022 curveto
247.943 321.948 lineto
284.945 321.948 320.946 319.949 357.948 319.949 curveto
373.949 319.949 390.95 320.948 406.951 320.948 curveto
426.952 321.948 446.953 322.948 465.954 325.946 curveto
513.956 334.943 556.958 348.939 591.96 384.931 curveto
629.96 422.922 648.96 468.912 648.96 521.9 curveto
648.96 610.88 598.96 679.864 512.956 704.86 curveto
473.954 716.86 432.952 719.86 391.95 721.86 curveto
27.94 721.86 lineto
27.94 676.865 lineto
57.94 672.866 122.94 685.863 136.94 650.871 curveto
139.94 641.873 138.94 631.875 138.94 621.877 curveto
138.94 104.029 lineto
137.94 94.0333 136.94 84.037 135.94 74.0408 curveto
130.94 42.0527 84.94 45.0516 59.94 45.0516 curveto
27.94 45.0516 lineto
27.94 0.0599976 lineto closepath
247.943 630.875 moveto
248.943 643.872 247.943 659.869 259.943 667.867 curveto
263.944 669.867 267.944 670.866 271.944 671.866 curveto
286.945 676.865 303.946 676.865 319.946 676.865 curveto
341.948 676.865 364.949 676.865 386.95 674.865 curveto
485.955 670.866 528.957 620.878 528.957 522.9 curveto
528.957 394.928 458.953 364.935 343.948 364.935 curveto
311.946 364.935 279.944 365.935 247.943 366.935 curveto closepath } bind def

/Q {
778.0 0 setcharwidth
705.9 -22.8781 moveto
702.9 -50.9315 702.9 -82.9924 682.9 -104.032 curveto
677.9 -107.038 672.9 -109.042 666.9 -111.046 curveto
660.9 -111.046 654.9 -110.044 648.9 -108.04 curveto
618.9 -89.0038 600.9 -31.8952 588.9 2.16956 curveto
583.9 15.1723 578.9 29.158 573.9 42.1446 curveto
675.9 117.068 732.9 242.939 732.9 368.886 curveto
732.9 460.847 698.9 554.807 636.9 623.778 curveto
568.9 698.747 486.9 736.74 384.9 736.74 curveto
285.9 736.74 203.914 695.748 139.932 619.78 curveto
75.94 544.812 44.94 455.849 44.94 355.892 curveto
44.94 169.014 190.918 -14.8629 386.9 -14.8629 curveto
415.9 -14.8629 442.9 -11.8572 470.9 -4.84381 curveto
475.9 -2.83997 480.9 -0.836182 485.9 -0.836182 curveto
488.9 -85.9981 515.9 -189.12 619.9 -189.12 curveto
655.9 -189.12 686.9 -173.12 711.9 -148.116 curveto
733.9 -126.074 744.9 -75.9791 746.9 -44.92 curveto
747.9 -30.8933 lineto
747.9 -22.8781 lineto closepath
548.9 111.074 moveto
529.9 195.987 469.9 263.93 377.9 263.93 curveto
284.9 263.93 222.909 193.989 236.906 102.083 curveto
185.919 165.018 173.923 281.923 173.923 361.889 curveto
173.923 420.864 185.919 525.82 209.913 577.798 curveto
223.909 606.785 252.901 641.771 278.9 660.763 curveto
310.9 683.753 354.9 691.749 392.9 691.749 curveto
472.9 691.749 536.9 649.767 568.9 575.799 curveto
585.9 535.815 594.9 496.832 598.9 456.849 curveto
603.9 416.866 603.9 376.883 603.9 332.901 curveto
603.9 256.933 588.9 176.007 548.9 111.074 curveto closepath
480.9 51.1353 moveto
477.9 49.1374 474.9 48.1384 471.9 46.1405 curveto
446.9 37.1497 415.9 30.1569 388.9 30.1569 curveto
330.9 30.1569 277.9 53.1334 277.9 118.067 curveto
277.9 171.012 311.9 218.963 368.9 218.963 curveto
465.9 218.963 482.9 129.055 480.9 51.1353 curveto closepath } bind def

/R {
722.0 0 setcharwidth
247.96 617.87 moveto
247.96 632.868 247.96 653.866 256.963 667.864 curveto
261.965 673.863 296.977 676.863 304.98 676.863 curveto
341.994 676.863 378.007 674.863 414.02 672.863 curveto
495.049 667.864 520.058 607.871 520.058 535.88 curveto
520.058 508.883 510.055 467.888 496.05 447.891 curveto
476.042 418.895 440.029 406.896 407.017 402.896 curveto
382.008 399.897 358.0 396.897 332.991 396.897 curveto
304.98 396.897 275.97 396.897 247.96 398.897 curveto closepath
27.94 676.863 moveto
90.94 674.863 lineto
111.94 672.863 125.94 675.863 134.94 652.866 curveto
138.94 638.867 138.94 632.868 138.94 617.87 curveto
138.94 105.086 lineto
138.94 95.0927 138.94 84.1003 135.94 74.1072 curveto
134.94 69.1107 132.94 63.1148 128.94 60.1169 curveto
99.94 39.1313 58.94 48.1251 25.94 45.1273 curveto
25.94 0.139954 lineto
355.999 0.139954 lineto
355.999 45.1273 lineto
327.989 47.1259 297.978 43.1286 270.968 51.1231 curveto
244.959 58.1182 247.96 81.1024 247.96 103.087 curveto
247.96 351.916 lineto
303.98 351.916 lineto
428.025 349.917 456.035 286.96 465.038 175.038 curveto
467.039 153.053 470.04 132.067 472.041 106.085 curveto
477.043 77.1052 488.047 48.1251 505.053 24.14 curveto
521.059 1.14001 560.073 -14.86 587.08 -14.86 curveto
691.08 -14.86 711.08 74.1072 713.08 159.049 curveto
672.08 159.049 lineto
672.08 131.068 667.08 31.1369 611.08 68.1114 curveto
591.08 96.092 586.08 131.068 578.079 164.045 curveto
561.073 229.0 lineto
540.065 309.944 491.048 355.913 407.017 364.907 curveto
516.057 369.903 640.08 414.895 640.08 543.879 curveto
640.08 677.863 503.052 721.86 392.012 721.86 curveto
27.94 721.86 lineto closepath } bind def

/S {
630.0 0 setcharwidth
57.06 -6.82001 moveto
94.06 -6.82001 lineto
138.049 62.1461 lineto
163.041 39.1603 196.031 20.1722 227.021 6.17999 curveto
253.013 -4.82001 315.993 -14.82 344.984 -14.82 curveto
399.967 -14.82 465.947 -1.82001 509.933 33.1641 curveto
561.92 73.1392 589.92 134.101 589.92 199.061 curveto
589.92 249.03 578.92 294.002 547.921 333.977 curveto
512.932 379.948 475.943 395.938 421.96 409.929 curveto
259.011 452.903 lineto
197.031 468.893 141.048 499.873 141.048 572.828 curveto
141.048 605.807 157.043 638.787 182.035 659.774 curveto
212.026 684.758 250.014 691.754 288.002 691.754 curveto
415.962 691.754 487.94 581.822 513.932 468.893 curveto
556.92 468.893 lineto
544.922 729.74 lineto
508.933 729.74 lineto
468.946 666.77 lineto
414.963 715.74 356.981 736.74 285.003 736.74 curveto
156.044 736.74 66.06 662.772 66.06 528.855 curveto
66.06 472.89 85.06 419.923 131.051 385.944 curveto
184.035 345.969 240.017 335.976 302.998 319.986 curveto
403.966 294.002 lineto
433.957 286.007 458.949 277.012 479.942 254.027 curveto
500.936 232.04 511.932 191.066 511.932 161.0842 curveto
96.06 269.017 94.06 273.015 94.06 277.012 curveto
51.06 274.014 lineto closepath } bind def

/T {
667.0 0 setcharwidth
58.1 445.935 moveto
60.1 457.931 62.1 470.927 65.1 482.924 curveto
73.1 521.912 84.1 573.897 105.1 603.888 curveto
133.1 648.875 174.1 676.867 229.1 676.867 curveto
246.1 676.867 269.1 673.867 277.1 655.873 curveto
279.1 646.875 279.1 636.878 279.1 627.881 curveto
279.1 107.035 lineto
279.1 90.0401 282.1 67.0468 267.1 55.0504 curveto
256.1 48.0524 243.1 48.0524 231.1 48.0524 curveto
157.1 45.0533 lineto
157.1 0.0599976 lineto
506.1 0.0599976 lineto
506.1 45.0533 lineto
481.1 45.0533 lineto
455.1 45.0533 429.1 42.0543 405.1 53.051 curveto
383.1 63.048 388.1 95.0386 388.1 114.033 curveto
388.1 612.885 lineto
388.1 627.881 388.1 643.876 390.1 655.873 curveto
398.1 673.867 419.1 676.867 436.1 676.867 curveto
494.1 676.867 542.1 644.876 566.1 592.891 curveto
588.1 547.905 599.1 493.921 608.1 442.936 curveto
648.1 442.936 lineto
632.1 721.86 lineto
37.1 721.86 lineto
19.1 445.935 lineto closepath } bind def

/U {
815.0 0 setcharwidth
16.9 676.87 moveto
48.9 676.87 lineto
64.9 675.87 98.9 676.87 112.9 668.873 curveto
130.9 658.878 127.9 643.884 127.9 627.891 curveto
127.9 195.08 lineto
127.9 134.106 142.9 98.1221 190.902 52.1421 curveto
226.911 18.157 268.922 2.15997 317.934 -6.84003 curveto
348.942 -12.84 377.949 -14.84 409.957 -14.84 curveto
488.977 -14.84 571.998 5.15997 625.011 68.1351 curveto
682.02 136.106 685.02 217.07 685.02 299.034 curveto
685.02 517.939 lineto
685.02 607.9 685.02 675.87 799.02 676.87 curveto
799.02 721.86 lineto
516.984 721.86 lineto
516.984 676.87 lineto
613.008 671.872 634.014 642.885 634.014 552.924 curveto
634.014 234.063 lineto
634.014 202.077 622.011 153.098 606.007 126.11 curveto
571.998 67.1356 504.981 37.1487 438.965 37.1487 curveto
379.95 37.1487 332.938 47.1443 287.927 87.1268 curveto
238.914 131.108 236.914 191.082 236.914 252.055 curveto
236.914 652.88 lineto
236.914 662.876 249.917 669.873 259.919 670.872 curveto
289.927 674.871 320.935 673.871 350.942 676.87 curveto
350.942 721.86 lineto
16.9 721.86 lineto closepath } bind def

/V {
722.0 0 setcharwidth
-7.9 676.87 moveto
65.1 678.869 71.1 670.872 97.1 605.9 curveto
345.065 -14.84 lineto
382.058 -14.84 lineto
614.02 583.91 lineto
636.02 642.884 661.02 682.867 731.02 676.87 curveto
731.02 721.86 lineto
462.044 721.86 lineto
462.044 676.87 lineto
499.037 676.87 563.026 675.87 563.026 622.893 curveto
563.026 596.904 551.028 567.917 542.03 543.927 curveto
394.056 147.099 lineto
215.088 602.902 lineto
212.088 611.898 201.09 636.887 201.09 645.883 curveto
201.09 678.869 235.084 676.87 259.08 676.87 curveto
274.077 676.87 288.075 676.87 303.072 676.87 curveto
303.072 721.86 lineto
-7.9 721.86 lineto closepath } bind def

/W {
981.0 0 setcharwidth
6.03999 676.87 moveto
20.04 676.87 lineto
66.04 674.871 72.04 676.87 87.04 632.889 curveto
302.031 -14.84 lineto
343.029 -14.84 lineto
492.02 490.95 lineto
655.967 -14.84 lineto
695.953 -14.84 lineto
866.9 557.921 lineto
884.9 619.894 899.9 673.871 975.9 676.87 curveto
975.9 721.86 lineto
732.941 721.86 lineto
732.941 676.87 lineto
771.928 673.871 827.909 675.87 827.909 621.893 curveto
827.909 608.899 820.911 584.909 817.912 571.915 curveto
700.952 174.087 lineto
566.997 598.903 lineto
560.999 615.896 554.001 632.889 554.001 650.881 curveto
559.999 666.874 558.0 665.874 572.995 672.871 curveto
595.987 676.87 618.979 676.87 641.971 676.87 curveto
641.971 721.86 lineto
353.028 721.86 lineto
353.028 676.87 lineto
384.026 676.87 lineto
403.025 674.871 430.024 676.87 439.023 657.878 curveto
469.022 573.914 lineto
348.029 173.087 lineto
204.037 623.893 lineto
202.037 627.891 196.037 648.882 196.037 652.88 curveto
196.037 663.875 199.037 667.874 208.036 673.871 curveto
221.036 676.87 234.035 677.869 247.034 677.869 curveto
260.033 676.87 273.033 676.87 286.032 676.87 curveto
286.032 721.86 lineto
6.03999 721.86 lineto closepath } bind def

/X {
704.0 0 setcharwidth
278.02 0.0599976 moveto
278.02 45.0533 lineto
254.013 46.053 229.005 42.0543 206.998 55.0504 curveto
190.993 69.0462 186.992 75.0445 186.992 97.038 curveto
186.992 119.031 209.999 149.023 222.003 167.017 curveto
324.034 308.975 lineto
466.078 105.036 lineto
473.08 95.0386 486.084 78.0436 486.084 65.0474 curveto
486.084 57.0498 485.084 54.0507 478.082 49.0522 curveto
469.079 47.0528 460.076 47.0528 452.074 47.0528 curveto
389.054 45.0533 lineto
389.054 0.0599976 lineto
716.1 0.0599976 lineto
716.1 45.0533 lineto
691.1 45.0533 lineto
668.1 48.0524 640.1 45.0533 624.1 65.0474 curveto
613.1 76.0442 605.1 89.0403 596.1 102.036 curveto
389.054 398.949 lineto
528.097 589.892 lineto
570.1 648.875 600.1 674.867 675.1 676.867 curveto
675.1 721.86 lineto
400.058 721.86 lineto
400.058 676.867 lineto
434.068 673.867 485.084 680.865 485.084 632.88 curveto
485.084 616.884 479.082 611.886 469.079 597.89 curveto
361.046 441.936 lineto
227.004 634.879 lineto
207.999 661.871 207.999 673.867 241.009 674.867 curveto
301.027 676.867 lineto
301.027 721.86 lineto
-6.02001 721.86 lineto
-6.02001 676.867 lineto
15.98 676.867 37.98 677.866 59.98 671.868 curveto
80.98 662.871 85.98 651.874 97.98 634.879 curveto
295.025 351.963 lineto
126.98 121.031 lineto
91.98 72.0453 53.98 49.0522 -6.02001 45.0533 curveto
-6.02001 0.0599976 lineto closepath } bind def

/Y {
704.0 0 setcharwidth
306.94 721.86 moveto
-13.06 721.86 lineto
-13.06 676.867 lineto
10.94 676.867 lineto
26.94 676.867 37.94 675.867 52.94 669.869 curveto
73.94 661.871 94.94 624.882 105.94 606.887 curveto
306.94 287.982 lineto
306.94 119.031 lineto
306.94 103.036 306.94 86.0412 304.94 70.046 curveto
296.94 41.0545 243.94 47.0528 218.94 45.0533 curveto
188.94 45.0533 lineto
188.94 0.0599976 lineto
531.94 0.0599976 lineto
531.94 45.0533 lineto
475.94 45.0533 lineto
418.94 47.0528 415.94 54.0507 415.94 107.035 curveto
415.94 296.979 lineto
574.94 580.895 lineto
609.94 644.876 636.94 673.867 712.94 676.867 curveto
712.94 721.86 lineto
430.94 721.86 lineto
430.94 676.867 lineto
458.94 675.867 487.94 675.867 514.94 664.87 curveto
520.94 660.871 524.94 654.873 528.94 649.875 curveto
533.94 634.879 531.94 617.884 527.94 602.888 curveto
521.94 588.893 514.94 575.896 507.94 562.9 curveto
389.94 352.962 lineto
221.94 621.883 lineto
217.94 628.881 212.94 635.879 210.94 643.876 curveto
207.94 650.874 205.94 661.871 210.94 667.869 curveto
216.94 680.865 259.94 676.867 274.94 676.867 curveto
306.94 676.867 lineto closepath } bind def

/Z {
611.0 0 setcharwidth
94.0629 467.928 moveto
126.067 606.887 140.069 676.867 298.091 676.867 curveto
435.111 676.867 lineto
24.06 39.0551 lineto
24.06 0.0599976 lineto
557.12 0.0599976 lineto
575.12 273.986 lineto
531.12 276.985 lineto
529.12 260.99 526.12 244.994 522.12 229.999 curveto
519.12 211.004 514.12 192.01 508.12 174.015 curveto
493.119 132.028 482.117 94.0389 440.111 70.046 curveto
402.106 49.0522 352.099 45.0533 309.093 45.0533 curveto
154.071 45.0533 lineto
567.12 683.865 lineto
567.12 721.86 lineto
71.06 721.86 lineto
53.06 467.928 lineto closepath } bind def

/bracketleft {
333.0 0 setcharwidth
296.98 -75.0992 moveto
138.98 -78.0994 lineto
138.98 689.939 lineto
294.98 689.939 lineto
294.98 719.94 lineto
65.98 721.94 lineto
65.98 -109.1 lineto
296.98 -105.1 lineto closepath } bind def

/backslash {
606.0 0 setcharwidth
73.88 736.76 moveto
445.88 0.0400391 lineto
531.88 0.0400391 lineto
159.88 736.76 lineto closepath } bind def

/bracketright {
333.0 0 setcharwidth
192.94 -77.0997 moveto
35.94 -74.0996 lineto
35.94 -104.1 lineto
265.94 -108.1 lineto
265.94 722.92 lineto
37.94 720.92 lineto
37.94 691.92 lineto
192.94 691.92 lineto closepath } bind def

/asciicircum {
606.0 0 setcharwidth
134.12 316.98 moveto
303.12 626.98 lineto
472.12 316.98 lineto
554.12 316.98 lineto
342.12 721.98 lineto
264.12 721.98 lineto
52.12 316.98 lineto closepath } bind def

/underscore {
500.0 0 setcharwidth
499.96 -133.94 moveto
499.96 -72.94 lineto
-0.0400105 -72.94 lineto
-0.0400105 -133.94 lineto closepath } bind def

/quoteleft {
204.0 0 setcharwidth
158.94 736.8 moveto
90.94 686.8 25.94 628.8 25.94 537.8 curveto
25.94 491.8 53.94 442.8 105.94 442.8 curveto
137.94 442.8 171.94 464.8 171.94 499.8 curveto
171.94 533.8 146.94 560.8 112.94 560.8 curveto
103.94 560.8 99.94 559.8 91.94 558.8 curveto
85.94 557.8 lineto
82.94 557.8 lineto
81.94 558.8 80.94 559.8 79.94 560.8 curveto
69.94 613.8 142.94 678.8 180.94 707.8 curveto closepath } bind def

/a {
556.0 0 setcharwidth
451.0 311.85 moveto
451.0 388.791 443.0 435.756 363.016 464.74 curveto
333.028 474.74 299.041 478.74 267.053 478.74 curveto
221.071 478.74 188.083 472.74 145.1 452.743 curveto
108.114 435.756 72.12 400.782 72.12 356.816 curveto
72.12 322.842 89.12 293.864 125.108 293.864 curveto
157.095 293.864 181.086 307.853 181.086 342.826 curveto
181.086 358.814 172.09 371.804 166.092 383.795 curveto
159.095 394.787 155.096 402.781 166.092 412.773 curveto
187.084 431.759 224.07 433.757 252.059 433.757 curveto
306.038 433.757 356.019 418.769 359.018 357.815 curveto
360.017 333.833 362.016 309.852 360.017 286.869 curveto
261.055 272.88 44.12 235.908 44.12 104.008 curveto
44.12 20.0724 109.114 -14.92 185.085 -14.92 curveto
253.058 -14.92 321.032 12.0784 365.015 65.0381 curveto
378.01 17.0747 403.001 -8.92004 454.0 -8.92004 curveto
488.0 -8.92004 532.0 11.0792 543.0 45.0533 curveto
543.0 55.0457 540.0 58.0435 530.0 60.0419 curveto
521.0 57.0442 512.0 53.0472 502.0 50.0496 curveto
491.0 47.0518 478.0 48.051 469.0 55.0457 curveto
455.0 62.0404 450.0 82.0251 449.0 96.0145 curveto
448.0 111.003 448.0 124.992 448.0 138.982 curveto closepath
360.017 246.9 moveto
360.017 231.911 360.017 217.922 360.017 202.933 curveto
359.018 160.965 363.016 126.991 336.026 92.0176 curveto
311.036 59.0427 268.053 35.061 226.069 35.061 curveto
181.086 35.061 142.101 65.0381 142.101 113.002 curveto
142.101 220.919 281.048 231.911 360.017 246.9 curveto closepath } bind def

/b {
556.0 0 setcharwidth
153.931 66.0825 moveto
189.948 13.1156 242.973 -14.88 307.003 -14.88 curveto
368.032 -14.88 423.058 15.1144 462.077 60.0862 curveto
504.08 109.056 520.08 170.018 520.08 237.975 curveto
520.08 321.922 486.08 406.869 412.053 450.842 curveto
383.039 467.836 349.023 478.832 315.007 478.832 curveto
256.98 478.832 202.954 447.844 176.942 395.876 curveto
176.942 736.76 lineto
7.92 726.76 lineto
7.92 684.768 lineto
21.92 684.768 lineto
68.92 684.768 84.92 690.766 84.92 637.783 curveto
84.92 157.026 lineto
81.92 97.0631 lineto
79.92 59.0869 77.92 21.1106 67.92 -14.88 curveto
104.92 -14.88 lineto closepath
308.004 27.1069 moveto
202.954 27.1069 172.94 128.044 172.94 219.986 curveto
172.94 300.936 190.948 428.856 296.999 428.856 curveto
403.049 428.856 418.056 301.935 418.056 221.985 curveto
418.056 148.031 398.046 27.1069 308.004 27.1069 curveto closepath } bind def

/c {
444.0 0 setcharwidth
389.98 145.015 moveto
369.98 92.0576 333.988 45.0957 273.01 45.0957 curveto
162.051 45.0957 136.061 149.011 136.061 239.938 curveto
136.061 319.873 164.051 438.776 264.014 438.776 curveto
278.008 438.776 321.992 429.783 321.992 406.802 curveto
321.992 404.804 314.995 393.813 312.995 391.814 curveto
302.999 377.826 295.002 368.833 295.002 349.848 curveto
295.002 314.877 321.992 294.893 354.98 294.893 curveto
397.98 294.893 413.98 328.865 413.98 366.835 curveto
413.98 395.811 395.98 421.79 374.98 439.775 curveto
341.985 467.76 308.997 478.76 265.013 478.76 curveto
108.071 478.76 34.08 362.838 34.08 215.957 curveto
34.08 98.0527 112.07 -14.88 238.023 -14.88 curveto
259.015 -14.88 286.005 -9.88 305.998 -3.88 curveto
369.98 14.12 403.98 71.0746 425.98 130.027 curveto closepath } bind def

/d {
574.0 0 setcharwidth
381.063 401.812 moveto
351.053 451.78 300.034 478.778 242.013 478.778 curveto
181.992 478.778 127.972 445.784 92.96 397.815 curveto
55.96 348.846 42.96 285.886 42.96 225.924 curveto
42.96 165.963 56.96 103.003 92.96 60.0303 curveto
132.974 12.06 178.991 -14.94 243.014 -14.94 curveto
290.031 -14.94 337.048 3.06 362.057 44.0405 curveto
371.06 53.0348 375.061 66.0265 381.063 77.0195 curveto
381.063 -9.94 lineto
554.08 0.0599976 lineto
554.08 42.0418 lineto
534.08 43.0412 lineto
488.08 45.0399 473.08 45.0399 473.08 94.0086 curveto
473.08 736.76 lineto
279.027 726.76 lineto
279.027 684.762 lineto
294.032 684.762 309.037 683.762 324.043 683.762 curveto
340.049 683.762 358.055 684.762 372.06 674.763 curveto
380.063 663.764 381.063 657.764 381.063 644.765 curveto closepath
261.02 38.0444 moveto
217.004 38.0444 183.992 63.0284 165.986 102.003 curveto
146.979 141.978 144.978 182.952 144.978 230.921 curveto
144.978 307.872 163.985 425.797 263.021 425.797 curveto
308.037 425.797 339.048 397.815 358.055 360.838 curveto
376.062 327.859 381.063 265.899 381.063 227.923 curveto
381.063 147.974 357.055 38.0444 262.021 38.0444 curveto closepath } bind def

/e {
500.0 0 setcharwidth
463.98 224.914 moveto
462.98 239.904 461.98 253.894 458.98 267.885 curveto
451.98 305.86 445.98 344.835 425.98 377.813 curveto
388.984 439.772 332.994 478.76 259.008 478.76 curveto
120.034 478.76 35.04 356.827 35.04 224.914 curveto
35.04 156.96 47.04 104.996 93.0387 54.0303 curveto
137.031 5.06 197.02 -14.94 262.008 -14.94 curveto
361.989 -14.94 423.98 34.044 464.98 123.983 curveto
430.98 142.97 lineto
427.98 136.974 424.98 130.978 420.98 125.981 curveto
417.98 118.986 412.98 111.991 408.98 104.996 curveto
374.987 59.027 336.994 36.0427 279.004 36.0427 curveto
173.024 36.0427 133.031 132.977 137.031 224.914 curveto closepath
139.03 265.886 moveto
144.029 336.84 167.025 438.773 256.009 438.773 curveto
331.995 438.773 358.99 367.82 358.99 302.862 curveto
358.99 262.888 341.993 265.886 306.999 265.886 curveto closepath } bind def

/f {
333.0 0 setcharwidth
199.0 419.963 moveto
309.0 419.963 lineto
309.0 463.949 lineto
199.0 463.949 lineto
199.0 483.939 200.0 503.929 200.0 523.918 curveto
201.0 580.89 212.0 676.841 280.0 693.832 curveto
296.0 699.829 317.0 699.829 332.0 691.833 curveto
335.0 689.834 337.0 686.836 339.0 683.837 curveto
340.0 681.838 340.0 677.841 339.0 675.841 curveto
338.0 672.843 336.0 669.844 334.0 667.846 curveto
333.0 664.847 331.0 661.849 329.0 658.85 curveto
310.0 622.868 338.0 583.888 377.0 583.888 curveto
412.0 583.888 433.0 609.875 433.0 642.858 curveto
433.0 710.824 363.0 736.82 303.0 736.82 curveto
139.0 736.82 103.0 601.879 106.0 463.949 curveto
19.0 463.949 lineto
19.0 419.963 lineto
107.0 419.963 lineto
107.0 108.007 lineto
107.0 88.01 109.0 66.0131 102.0 47.0158 curveto
92.0 34.0176 66.0 37.0172 51.0 35.0175 curveto
25.0 35.0175 lineto
25.0 0.0199585 lineto
295.0 0.0199585 lineto
295.0 35.0175 lineto
269.0 35.0175 lineto
201.0 39.0169 199.0 28.0186 199.0 94.0092 curveto closepath } bind def

/g {
537.0 0 setcharwidth
113.099 -9.06567 moveto
93.1 -15.0607 77.1 -20.0565 60.1 -33.0458 curveto
42.1 -49.0325 23.1 -72.0135 23.1 -95.9937 curveto
23.1 -200.92 181.089 -204.92 256.079 -204.92 curveto
360.065 -204.92 484.06 -170.932 484.06 -45.0359 curveto
484.06 20.9095 436.06 65.9285 372.063 67.9302 curveto
345.067 68.9311 318.071 70.9327 291.074 70.9327 curveto
271.077 70.9327 252.08 71.9336 232.082 71.9336 curveto
204.086 71.9336 176.09 73.9353 148.094 73.9353 curveto
125.097 73.9353 111.099 86.9464 111.099 110.967 curveto
111.099 155.004 177.09 154.003 208.086 155.004 curveto
262.078 156.005 316.071 155.004 365.064 182.012 curveto
417.06 210.983 442.06 258.936 442.06 318.878 curveto
442.06 353.843 433.06 391.806 405.06 415.783 curveto
422.06 432.766 lineto
426.06 435.763 431.06 437.761 435.06 440.758 curveto
443.06 441.757 446.06 443.755 451.06 436.762 curveto
452.06 430.768 454.06 424.774 455.06 418.78 curveto
458.06 408.789 467.06 399.798 477.06 395.802 curveto
509.06 382.815 542.06 403.794 542.06 439.759 curveto
542.06 474.74 508.06 493.74 477.06 493.74 curveto
438.06 493.74 407.06 466.74 380.062 440.758 curveto
342.068 469.74 299.073 478.74 252.08 478.74 curveto
206.086 478.74 158.092 468.74 120.098 440.758 curveto
82.1 412.785 58.1 365.832 58.1 318.878 curveto
58.1 254.94 86.1 206.987 145.094 182.012 curveto
136.095 179.015 lineto
87.1 164.012 47.1 140.992 47.1 82.9429 curveto
47.1 34.9021 75.1 1.92523 122.097 -6.06818 curveto closepath
251.08 439.759 moveto
331.069 439.759 353.066 384.813 353.066 314.881 curveto
353.066 250.944 323.07 191.003 252.08 191.003 curveto
176.09 191.003 147.094 247.947 147.094 316.879 curveto
147.094 381.816 180.089 439.759 251.08 439.759 curveto closepath
168.091 -13.0624 moveto
206.086 -10.0648 243.081 -8.06647 281.076 -8.06647 curveto
300.073 -8.06647 319.071 -9.06567 338.068 -11.064 curveto
376.063 -14.0615 416.06 -32.0466 416.06 -77.0093 curveto
416.06 -106.985 390.061 -133.962 364.065 -144.953 curveto
337.068 -156.943 294.074 -164.937 264.078 -164.937 curveto
230.083 -164.937 205.086 -164.937 172.091 -157.942 curveto
141.095 -150.948 104.1 -132.963 104.1 -95.9937 curveto
104.1 -54.0284 133.096 -29.0491 168.091 -13.0624 curveto closepath } bind def

/h {
611.0 0 setcharwidth 74.042 0.0199585 moveto
274.042 35.0127 lineto
222.075 37.0118 lineto
214.08 38.0114 207.084 39.011 201.088 43.0093 curveto
194.092 62.0014 194.092 82.9926 194.092 102.984 curveto
194.092 218.936 lineto
199.089 268.915 194.092 304.9 218.077 349.881 curveto
241.063 392.863 281.037 416.853 329.007 416.853 curveto
359.987 416.853 385.971 401.859 402.96 376.87 curveto
420.949 349.881 419.95 316.895 420.949 285.908 curveto
420.949 97.9863 lineto
420.949 84.9918 423.947 40.0106 404.959 39.011 curveto
391.967 36.0123 377.976 37.0118 364.984 35.0127 curveto
339.001 35.0127 lineto
339.001 0.0199585 lineto
592.92 0.0199585 lineto
592.92 35.0127 lineto
537.92 37.0118 lineto
529.92 38.0114 518.92 38.0114 514.92 47.0076 curveto
510.92 57.0035 512.92 82.9926 512.92 94.9875 curveto
512.92 282.909 lineto
512.92 328.89 510.92 374.87 483.92 414.854 curveto
454.928 459.836 406.958 478.831 354.991 478.831 curveto
289.032 478.831 224.073 437.844 196.091 379.868 curveto
196.091 736.76 lineto
15.12 726.76 lineto
15.12 684.768 lineto
35.12 684.768 56.12 682.768 76.12 681.769 curveto
104.12 679.769 104.12 662.775 104.12 640.781 curveto
104.12 88.9901 lineto
104.12 72.9968 107.12 55.0043 94.12 43.0093 curveto
89.12 41.0102 85.12 39.011 80.12 38.0114 curveto
68.12 37.0118 55.12 37.0118 43.12 35.0127 curveto
22.12 35.0127 lineto
22.12 0.0199585 lineto closepath  } bind def

/i {
315.0 0 setcharwidth 0289.0 0.0199585 moveto
289.0 35.0142 lineto
271.0 34.0145 252.0 36.0138 234.0 37.0135 curveto
201.0 39.0128 205.0 49.0095 205.0 79.9991 curveto
205.0 463.88 lineto
18.0 453.88 lineto
18.0 411.889 lineto
78.0 409.889 lineto
89.0 407.89 101.0 408.89 108.0 397.893 curveto
114.0 379.899 113.0 360.906 113.0 341.912 curveto
113.0 111.989 lineto
113.0 88.9962 115.0 64.0045 105.0 43.0115 curveto
90.0 35.0142 70.0 37.0135 53.0 35.0142 curveto
26.0 35.0142 lineto
26.0 0.0199585 lineto closepath 213.0 656.88 moveto
213.0 688.88 186.0 715.88 154.0 715.88 curveto
124.0 715.88 95.0 689.88 95.0 658.88 curveto
95.0 627.88 121.0 597.88 153.0 597.88 curveto
184.0 597.88 213.0 625.88 213.0 656.88 curveto closepath } bind def

/j {
296.0 0 setcharwidth
208.12 463.889 moveto
14.12 453.886 lineto
14.12 411.889 lineto
42.12 408.89 104.12 420.886 114.12 383.899 curveto
116.12 369.904 116.12 356.909 116.12 342.913 curveto
116.12 65.0116 lineto
116.12 26.0253 116.12 -11.9612 114.12 -50.9474 curveto
112.12 -87.9344 105.12 -136.917 71.12 -157.91 curveto
63.12 -160.909 51.12 -164.907 41.12 -165.907 curveto
30.12 -165.907 21.12 -163.908 15.12 -153.911 curveto
14.12 -142.915 21.12 -132.919 25.12 -122.922 curveto
30.12 -102.929 20.12 -79.9373 0.119993 -71.9401 curveto
-41.88 -53.9464 -81.88 -76.9383 -81.88 -124.921 curveto
-81.88 -182.901 -17.88 -204.9 30.12 -204.9 curveto
68.12 -204.9 113.12 -189.9 141.12 -166.907 curveto
174.12 -137.917 189.12 -99.9302 199.12 -56.9453 curveto
204.12 -32.9539 206.12 -11.9612 206.12 13.03 curveto
208.12 92.0021 lineto closepath
218.12 658.96 moveto
218.12 691.96 192.12 715.96 159.12 715.96 curveto
126.12 715.96 101.12 691.96 101.12 658.96 curveto
101.12 625.96 127.12 599.96 160.12 599.96 curveto
191.12 599.96 218.12 627.96 218.12 658.96 curveto closepath } bind def

/k {
593.0 0 setcharwidth
196.12
736.76
moveto
14.12 726.76 lineto
14.12 684.774 lineto
25.12 684.774 lineto
44.12 683.774 74.12 684.774 91.12 675.778 curveto
106.12 666.783 104.12 640.797 104.12 625.805 curveto
104.12 88.968 lineto
104.12 77.976 104.12 66.984 103.12 55.992 curveto
99.12 32.0095 65.12 37.0058 48.12 35.0073 curveto
23.12 35.0073 lineto
23.12 0.0199585 lineto
271.12 0.0199585 lineto
271.12 35.0073 lineto
250.12 35.0073 lineto
238.12 37.0058 225.12 36.0065 213.12 38.0051 curveto
192.12 41.0029 196.12 73.9789 196.12 88.968 curveto
196.12 182.9 lineto
259.12 240.883 lineto
371.12 81.9731 lineto
375.12 75.9775 381.12 69.9818 385.12 62.9869 curveto
390.12 56.9913 391.12 47.9978 385.12 42.0021 curveto
382.12 40.0037 379.12 39.0043 376.12 38.0051 curveto
358.12 37.0058 341.12 36.0065 323.12 35.0073 curveto
323.12 0.0199585 lineto
587.12 0.0199585 lineto
587.12 35.0073 lineto
517.12 35.0073 492.12 70.9811 455.12 120.945 curveto
325.12 298.887 lineto
387.12 357.892 lineto
432.12 396.896 465.12 422.898 528.12 426.898 curveto
532.12 428.898 537.12 428.898 541.12 428.898 curveto
541.12 463.891 lineto
279.12 463.891 lineto
279.12 428.898 lineto
305.12 428.898 lineto
316.12 428.898 361.12 431.899 361.12 411.897 curveto
361.12 392.895 349.12 385.895 336.12 373.894 curveto
196.12 236.882 lineto closepath } bind def

/l {
315.0 0 setcharwidth
19.04
684.77
moveto
45.04 684.77 lineto
64.04 683.77 87.04 687.769 103.04 674.773 curveto
111.04 663.778 112.04 655.781 112.04 642.785 curveto
112.04 95.9905 lineto
112.04 81.9958 113.04 67.0014 110.04 53.0067 curveto
106.04 45.0096 102.04 41.0112 94.04 38.0123 curveto
72.04 35.0134 50.04 35.0134 28.04 35.0134 curveto
28.04 0.0199585 lineto
287.04 0.0199585 lineto
287.04 35.0134 lineto
267.04 35.0134 lineto
252.04 36.0131 236.04 35.0134 221.04 37.0127 curveto
217.04 38.0123 210.04 41.0112 208.04 45.0096 curveto
204.04 52.007 204.04 61.0037 204.04 69.0007 curveto
204.04 736.76 lineto
19.04 726.76 lineto closepath } bind def

/m {
889.0 0 setcharwidth
29.08
0.0199585
moveto
280.097 0.0199585 lineto
280.097 35.0103 lineto
260.094 36.0097 lineto
248.092 37.0092 235.091 36.0097 223.089 39.008 curveto
213.088 41.007 206.087 51.0014 205.087 61.9953 curveto
204.086 73.9886 203.086 84.9825 203.086 96.9758 curveto
203.086 236.898 lineto
203.086 275.876 205.087 319.852 224.089 355.832 curveto
244.092 393.811 280.097 419.796 322.102 419.796 curveto
349.106 419.796 386.111 401.806 398.113 355.832 curveto
402.113 339.841 404.114 322.85 404.114 288.869 curveto
404.114 86.9814 lineto
404.114 69.9908 408.114 38.0086 383.111 38.0086 curveto
364.108 37.0092 345.106 36.0097 326.103 35.0103 curveto
326.103 0.0199585 lineto
573.137 0.0199585 lineto
573.137 35.0103 lineto
555.134 36.0097 lineto
520.13 37.0092 497.126 29.0136 496.126 71.9897 curveto
496.126 236.898 lineto
496.126 275.876 498.127 319.852 517.129 355.832 curveto
537.132 393.811 573.137 419.796 615.143 419.796 curveto
642.146 419.796 679.151 401.806 691.153 355.832 curveto
695.153 339.841 697.154 322.85 697.154 288.869 curveto
697.154 87.9808 lineto
697.154 71.9897 700.154 41.007 677.151 39.008 curveto
658.148 37.0092 639.146 34.0108 620.143 35.0103 curveto
620.143 0.0199585 lineto
868.16 0.0199585 lineto
868.16 35.0103 lineto
844.16 35.0103 lineto
831.16 36.0097 804.16 33.0114 795.16 44.0052 curveto
791.16 49.0025 790.16 55.9986 789.16 62.9947 curveto
789.16 324.849 lineto
789.16 347.836 782.16 365.826 776.16 386.815 curveto
756.16 455.78 686.152 478.78 642.146 478.78 curveto
608.142 478.78 538.132 461.78 492.126 386.815 curveto
486.125 376.82 lineto
483.124 386.815 lineto
470.123 435.787 416.115 478.78 349.106 478.78 curveto
289.098 478.78 228.09 439.785 200.086 386.815 curveto
200.086 463.78 lineto
23.08 453.78 lineto
23.08 411.801 lineto
78.08 409.802 lineto
88.08 407.803 100.08 408.802 106.08 397.809 curveto
112.08 379.819 111.08 360.829 111.08 341.84 curveto
111.08 105.971 lineto
111.08 84.9825 118.08 38.0086 85.08 38.0086 curveto
73.08 37.0092 60.08 37.0092 48.08 36.0097 curveto
29.08 35.0103 lineto closepath } bind def

/n {
611.0 0 setcharwidth
6.92
0.0199585
moveto
281.92 0.0199585 lineto
281.92 35.0103 lineto
262.92 36.0097 lineto
246.92 37.0092 204.92 31.0125 202.92 53.9997 curveto
201.92 59.9963 201.92 65.993 200.92 70.9902 curveto
200.92 237.897 lineto
200.92 279.874 200.92 315.854 221.92 353.833 curveto
242.92 390.812 281.92 419.796 324.92 419.796 curveto
367.92 419.796 409.92 393.811 415.92 353.833 curveto
417.92 339.841 420.92 322.85 420.92 286.87 curveto
420.92 69.9908 lineto
420.92 64.9936 420.92 59.9963 419.92 54.9991 curveto
417.92 52.0009 416.92 47.0036 413.92 45.0048 curveto
408.92 39.008 396.92 37.0092 389.92 37.0092 curveto
372.92 36.0097 356.92 34.0108 339.92 35.0103 curveto
339.92 0.0199585 lineto
592.92 0.0199585 lineto
592.92 35.0103 lineto
574.92 36.0097 lineto
559.92 37.0092 545.92 37.0092 531.92 38.0086 curveto
523.92 39.008 514.92 45.0048 513.92 53.9997 curveto
513.92 58.9969 512.92 63.9941 512.92 68.9914 curveto
512.92 283.872 lineto
512.92 328.847 507.92 356.831 499.92 378.819 curveto
471.92 457.78 396.92 478.78 353.92 478.78 curveto
307.92 478.78 247.92 461.78 198.92 378.819 curveto
198.92 463.78 lineto
26.92 453.78 lineto
26.92 411.801 lineto
77.92 409.802 lineto
87.92 407.803 98.92 408.802 103.92 397.809 curveto
109.92 379.819 108.92 360.829 108.92 341.84 curveto
108.92 62.9947 lineto
108.92 55.9986 106.92 46.0042 100.92 43.0058 curveto closepath } bind def

/o {
500.0 0 setcharwidth
251.08 438.774 moveto
300.08 438.774 329.08 408.795 346.08 365.825 curveto
364.08 317.859 364.08 278.887 364.08 226.923 curveto
364.08 146.979 352.08 23.0667 246.08 23.0667 curveto
151.08 23.0667 136.08 156.972 136.08 226.923 curveto
136.08 305.868 146.08 438.774 251.08 438.774 curveto closepath
247.08
-14.92
moveto
387.08 -14.92 466.08 94.0167 466.08 226.923 curveto
466.08 359.83 387.08 478.76 245.08 478.76 curveto
184.08 478.76 129.08 447.768 92.08 401.8 curveto
48.08 346.839 34.08 298.872 34.08 227.922 curveto
34.08 101.012 111.08 -14.92 247.08 -14.92 curveto closepath } bind def

/p {
574.0 0 setcharwidth
283.984
-169.935
moveto
237.99 -169.935 lineto
205.994 -164.933 198.994 -165.934 198.994 -132.924 curveto
198.994 60.0851 lineto
228.991 11.1197 279.985 -14.8881 335.978 -14.8881 curveto
464.962 -14.8881 534.96 114.046 534.96 229.961 curveto
534.96 255.943 531.96 281.924 525.96 305.906 curveto
520.96 328.889 512.96 348.875 493.96 385.848 curveto
453.964 448.802 404.97 478.8 337.978 478.8 curveto
275.985 478.8 222.992 439.809 193.995 385.848 curveto
195.995 463.8 lineto
28.0 453.8 lineto
28.0 411.829 lineto
47.0 410.83 lineto
78.0 408.831 102.0 413.828 107.0 376.854 curveto
107.0 -107.916 lineto
107.0 -119.92 106.0 -131.923 105.0 -143.927 curveto
104.0 -161.932 92.0 -164.933 77.0 -166.934 curveto
50.0 -168.934 lineto
30.0 -169.935 lineto
30.0 -204.94 lineto
283.984 -204.94 lineto closepath
317.98
424.82
moveto
385.972 424.82 417.968 368.86 427.967 308.904 curveto
431.966 281.924 432.966 261.938 432.966 234.958 curveto
432.966 159.013 416.968 39.1003 317.98 39.1003 curveto
275.985 39.1003 243.989 66.0807 223.991 101.055 curveto
202.994 136.03 197.995 180.997 197.995 221.967 curveto
197.995 301.909 213.993 424.82 317.98 424.82 curveto closepath } bind def

/q {
556.0 0 setcharwidth
402.962
393.868
moveto
376.966 443.83 310.973 478.82 255.98 478.82 curveto
115.997 478.82 36.0 354.898 36.0 224.997 curveto
36.0 169.04 49.0 110.085 83.0 67.1173 curveto
124.995 13.1584 171.99 -14.8531 239.982 -14.8531 curveto
299.975 -14.8531 347.969 9.15894 377.965 63.1204 curveto
377.965 -107.9 lineto
377.965 -170.932 373.966 -167.93 310.973 -169.931 curveto
290.976 -169.931 lineto
290.976 -204.94 lineto
547.96 -204.94 lineto
547.96 -169.931 lineto
533.96 -168.931 518.96 -168.931 504.96 -168.931 curveto
466.96 -165.929 469.96 -152.923 469.96 -117.905 curveto
469.96 360.893 lineto
472.96 400.863 481.96 439.833 486.96 463.82 curveto
449.96 463.82 lineto closepath
257.98
435.836
moveto
356.968 435.836 378.965 323.922 378.965 245.981 curveto
378.965
162.045
365.967
37.1402    .98 37.1402 curveto
216.985 37.1402 180.989 61.1219 162.991 97.0945 curveto
141.993 139.063 137.994 182.03 137.994 229.993 curveto
137.994 310.932 150.992 435.836 257.98 435.836 curveto closepath } bind def

/r {
444.0 0 setcharwidth
197.096
463.88
moveto
21.1 453.88 lineto
21.1 411.889 lineto
41.1 411.889 lineto
74.1 410.889 105.1 414.888 113.1 372.902 curveto
113.1 95.9938 lineto
113.1 47.0102 115.1 37.0135 65.1 37.0135 curveto
53.1 37.0135 41.1 36.0138 29.1 35.0142 curveto
29.1 0.0199585 lineto
299.087 0.0199585 lineto
299.087 35.0142 lineto
273.09 35.0142 lineto
255.091 35.0142 207.095 31.0155 203.096 56.0072 curveto
200.096 75.0009 200.096 93.9945 200.096 113.988 curveto
200.096 214.954 222.094 421.885 344.083 435.881 curveto
342.083 432.882 339.084 430.882 337.084 427.883 curveto
328.085 415.887 323.085 400.892 323.085 386.897 curveto
323.085 357.907 345.083 332.915 375.08 332.915 curveto
415.08 332.915 435.08 362.905 435.08 400.892 curveto
435.08 446.88 400.08 478.88 356.082 478.88 curveto
267.09 478.88 219.094 397.893 197.096 321.919 curveto closepath } bind def

/s {
463.0 0 setcharwidth
325.981
437.778
moveto
291.992 465.76 248.007 478.76 204.021 478.76 curveto
119.049 478.76 58.06 425.789 58.06 339.865 curveto
58.06 306.894 65.06 276.92 85.06 250.943 curveto
107.053 222.968 140.042 213.976 173.031 204.984 curveto
187.027 201.986 201.022 197.99 215.018 194.993 curveto
250.006 187.0 275.998 182.004 309.987 169.016 curveto
341.976 156.027 360.97 138.043 360.97 102.075 curveto
360.97 51.1194 304.988 25.1424 261.003 25.1424 curveto
163.035 25.1424 111.052 92.0834 88.0592 180.006 curveto
51.06 180.006 lineto
51.06 -9.84003 lineto
84.06 -9.84003 lineto
119.049 34.1344 lineto
157.037 0.160034 208.02 -14.84 258.004 -14.84 curveto
292.992 -14.84 342.976 -1.84003 369.967 21.1459 curveto
408.96 55.1159 420.96 87.0877 420.96 138.043 curveto
420.96 175.01 408.96 207.981 381.963 233.958 curveto
348.974 263.932 318.984 270.926 275.998 278.919 curveto
217.017 291.907 lineto
177.03 299.9 113.051 311.889 113.051 365.842 curveto
113.051 415.798 161.035 438.778 205.021 438.778 curveto
286.994 438.778 332.979 381.828 352.972 307.893 curveto
388.961 307.893 lineto
388.961 474.76 lineto
355.971 474.76 lineto closepath } bind def

/t {
389.0 0 setcharwidth
341.096
462.031
moveto
192.053 462.031 lineto
192.053 665.96 lineto
152.042 665.96 lineto
146.04 581.985 125.04 471.028 22.04 463.031 curveto
18.04 462.031 lineto
18.04 418.045 lineto
100.04 418.045 lineto
100.04 123.115 lineto
100.04 85.1234 101.04 53.1309 127.04 24.1378 curveto
151.041 -3.85999 187.052 -14.86 223.062 -14.86 curveto
340.096 -14.86 375.1 76.1255 374.1 180.101 curveto
334.094 180.101 lineto
334.094 129.113 320.09 44.1331 257.072 44.1331 curveto
194.054 44.1331 192.053 92.1218 192.053 141.11 curveto
192.053 418.045 lineto
341.096 418.045 lineto closepath } bind def

/u {
611.0 0 setcharwidth
20.92
411.895
moveto
40.92 411.895 lineto
58.92 411.895 80.92 414.893 95.92 400.901 curveto
102.92 394.904 102.92 385.909 102.92 377.914 curveto
102.92 163.036 lineto
102.92 137.051 103.92 90.0775 111.92 78.0842 curveto
127.92 -1.88 233.92 -14.88 259.92 -14.88 curveto
324.92 -14.88 380.92 22.116 413.92 78.0842 curveto
413.92 0.119995 lineto
593.92 10.12 lineto
593.92 53.0984 lineto
572.92 53.0984 lineto
558.92 54.0978 545.92 54.0978 531.92 55.0973 curveto
525.92 56.0967 520.92 59.095 516.92 64.0922 curveto
505.92 75.0859 505.92 96.074 505.92 111.065 curveto
505.92 463.88 lineto
316.92 453.88 lineto
316.92 411.895 lineto
340.92 410.895 365.92 412.894 389.92 408.896 curveto
409.92 405.898 411.92 399.901 413.92 380.912 curveto
413.92 239.992 lineto
411.92 190.021 414.92 158.039 392.92 112.065 curveto
371.92 69.0894 331.92 45.103 283.92 45.103 curveto
233.92 45.103 197.92 70.0888 195.92 122.059 curveto
194.92 141.049 194.92 159.038 194.92 178.027 curveto
194.92 463.88 lineto
20.92 453.88 lineto closepath } bind def

/v {
537.0 0 setcharwidth
288.066
-14.92
moveto
424.021 316.959 lineto
444.02 362.938 468.02 428.908 528.02 428.908 curveto
528.02 463.9 lineto
329.053 463.9 lineto
329.053 428.908 lineto
349.046 427.908 lineto
373.038 425.909 398.03 425.909 398.03 393.924 curveto
398.03 369.935 391.032 354.941 382.035 332.951 curveto
296.064 113.051 lineto
183.101 379.93 lineto
177.103 391.925 172.105 401.92 177.103 415.914 curveto
185.1 430.907 216.09 428.908 230.086 428.908 curveto
244.081 428.908 lineto
244.081 463.9 lineto
8.11999 463.9 lineto
8.11999 428.908 lineto
20.12 428.908 lineto
47.12 427.908 54.12 429.907 71.12 407.917 curveto
79.12 395.923 85.12 381.929 91.12 368.935 curveto
256.077 -14.92 lineto closepath } bind def

/w {
778.0 0 setcharwidth
271.007
-14.84
moveto
389.964 306.993 lineto
513.968 -14.84 lineto
543.971 -14.84 lineto
685.98 361.956 lineto
698.98 396.933 706.98 421.916 748.98 427.912 curveto
762.98 428.912 lineto
762.98 463.9 lineto
575.973 463.9 lineto
575.973 428.912 lineto
593.974 428.912 lineto
616.976 427.912 637.978 429.911 641.978 400.93 curveto
644.978 378.945 635.977 357.959 628.977 338.972 curveto
549.971 122.116 lineto
458.964 356.96 lineto
454.964 367.952 443.963 393.935 443.963 405.927 curveto
443.963 415.92 447.964 419.918 456.964 425.914 curveto
467.965 428.912 480.966 427.912 492.967 427.912 curveto
511.968 428.912 lineto
511.968 463.9 lineto
288.001 463.9 lineto
288.001 428.912 lineto
297.997 428.912 lineto
317.99 428.912 335.983 428.912 349.978 413.922 curveto
354.976 401.93 358.975 393.935 361.974 384.941 curveto
364.973 378.945 365.972 372.949 367.972 366.953 curveto
279.004 127.113 lineto
187.037 362.956 lineto
183.039 372.949 174.042 395.934 174.042 405.927 curveto
174.042 416.92 175.042 419.918 185.038 424.914 curveto
194.035 427.912 204.031 427.912 214.027 427.912 curveto
234.02 428.912 lineto
234.02 463.9 lineto
15.06 463.9 lineto
15.06 428.912 lineto
27.06 428.912 39.06 429.911 51.06 425.914 curveto
57.06 423.915 63.06 421.916 67.06 416.92 curveto
76.06 409.924 80.06 398.932 83.06 388.938 curveto
240.018 -14.84 lineto closepath } bind def

/x {
537.0 0 setcharwidth
14.12
428.905
moveto
28.12 428.905 41.12 425.906 54.12 421.907 curveto
62.12 417.908 69.12 412.909 76.12 406.911 curveto
84.12 396.914 92.12 386.917 100.12 376.919 curveto
141.113 323.934 180.085 272.948 220.055 221.963 curveto
122.12 107.995 lineto
102.12 84.0014 lineto
70.12 50.0109 59.12 38.0143 9.12001 35.0151 curveto
9.12001 0.0199585 lineto
220.055 0.0199585 lineto
220.055 35.0151 lineto
201.069 36.0148 lineto
188.079 37.0145 175.088 36.0148 163.097 43.0128 curveto
153.105 55.0095 151.106 60.0081 156.102 75.0039 curveto
162.098 85.0011 169.093 92.9989 177.087 101.996 curveto
248.035 187.972 lineto
323.979 87.0005 lineto
329.974 78.0031 336.969 70.0053 340.966 60.0081 curveto
343.964 54.0098 338.968 43.0128 332.972 40.0137 curveto
314.985 37.0145 295.999 36.0148 278.013 35.0151 curveto
278.013 0.0199585 lineto
528.92 0.0199585 lineto
528.92 35.0151 lineto
478.92 32.0159 455.92 58.0087 426.92 94.9983 curveto
306.991 254.954 lineto
422.92 389.916 lineto
431.92 399.913 439.92 410.91 452.92 416.908 curveto
468.92 426.905 488.92 426.905 506.92 428.905 curveto
506.92 463.9 lineto
300.996 463.9 lineto
300.996 428.905 lineto
314.985 428.905 lineto
331.973 427.905 362.95 429.905 362.95 403.912 curveto
362.95 388.916 353.957 377.919 344.963 367.922 curveto
280.011 288.944 lineto
208.064 382.918 lineto
200.07 391.915 189.078 404.912 191.077 416.908 curveto
192.076 420.907 196.073 423.906 200.07 425.906 curveto
209.063 428.905 219.056 428.905 229.049 428.905 curveto
250.033 428.905 lineto
250.033 463.9 lineto
14.12 463.9 lineto closepath } bind def

/y {
537.0 0 setcharwidth
105.92
-141.95
moveto
109.92 -132.952 110.92 -121.955 110.92 -111.958 curveto
110.92 -88.9636 85.92 -69.9684 63.92 -69.9684 curveto
30.92 -69.9684 2.92 -92.9626 2.92 -126.954 curveto
2.92 -180.94 46.92 -204.94 94.92 -204.94 curveto
191.956 -204.94 249.991 -106.959 285.012 -29.9786 curveto
318.032 42.0031 lineto
442.1 347.925 lineto
461.1 392.914 476.1 427.905 531.1 428.904 curveto
531.1 463.9 lineto
334.041 463.9 lineto
334.041 428.904 lineto
352.052 428.904 lineto
385.072 427.905 405.084 424.905 405.084 386.915 curveto
405.084 378.917 396.078 358.922 393.076 349.925 curveto
383.07 324.931 lineto
301.021 118.983 lineto
192.957 373.918 lineto
189.955 379.917 181.95 397.912 181.95 403.911 curveto
181.95 431.904 208.967 427.905 230.98 427.905 curveto
248.99 428.904 lineto
248.99 463.9 lineto
12.92 463.9 lineto
12.92 428.904 lineto
63.92 428.904 73.92 419.907 93.92 374.918 curveto
254.994 8.01172 lineto
229.979 -39.9761 177.948 -164.944 109.92 -157.946 curveto
108.92 -155.947 106.92 -154.947 104.92 -153.947 curveto
103.92 -150.948 102.92 -147.949 103.92 -144.949 curveto closepath } bind def

/z {
481.0 0 setcharwidth
397.1
177.965
moveto
397.1 147.968 383.1 108.972 367.099 83.9741 curveto
345.096 47.9775 298.089 42.9779 260.084 42.9779 curveto
150.068 42.9779 lineto
429.1 428.941 lineto
429.1 463.94 lineto
68.06 463.94 lineto
59.06 296.954 lineto
97.0603 296.954 lineto
97.0603 302.953 lineto
99.0606 331.95 109.062 366.947 130.065 387.945 curveto
158.069 417.942 192.074 420.942 231.08 420.942 curveto
316.092 420.942 lineto
39.06 36.9785 lineto
39.06 -0.0199585 lineto
425.1 -0.0199585 lineto
435.1 177.965 lineto closepath } bind def

/braceleft {
333.0 0 setcharwidth
214.08
601.905
moveto
214.08 668.888 232.08 705.88 297.08 721.88 curveto
197.08 721.88 142.08 702.88 142.08 587.909 curveto
142.08 415.952 lineto
142.08 353.968 128.08 322.976 66.08 304.98 curveto
132.08 286.985 142.08 257.992 142.08 192.009 curveto
142.08 36.0484 lineto
142.08 -84.921 184.08 -108.92 297.08 -108.92 curveto
234.08 -95.92 214.08 -54.9286 214.08 10.055 curveto
214.08 172.014 lineto
214.08 242.996 205.08 285.985 133.08 304.98 curveto
202.08 322.976 214.08 360.966 214.08 429.949 curveto closepath } bind def

/bar {
606.0 0 setcharwidth
264.0 0.0400391 moveto
342.0 0.0400391 lineto
342.0 736.76 lineto
264.0 736.76 lineto closepath } bind def

/braceright {
333.0 0 setcharwidth
119.04 429.949 moveto
119.04 360.966 131.04 322.976 200.04 304.98 curveto
128.04 285.985 119.04 242.996 119.04 172.014 curveto
119.04 10.055 lineto
119.04 -54.9286 99.04 -95.92 36.04 -108.92 curveto
149.04 -108.92 191.04 -84.921 191.04 36.0484 curveto
191.04 192.009 lineto
191.04 257.992 201.04 286.985 267.04 304.98 curveto
205.04 322.976 191.04 353.968 191.04 415.952 curveto
191.04 587.909 lineto
191.04 702.88 136.04 721.88 36.04 721.88 curveto
101.04 705.88 119.04 668.888 119.04 601.905 curveto closepath } bind def

/asciitilde {
606.0 0 setcharwidth
513.12 329.02 moveto
494.12 293.02 459.12 246.02 414.12 246.02 curveto
362.12 246.02 265.12 316.02 194.12 316.02 curveto
123.12 316.02 82.12 254.02 51.12 198.02 curveto
92.12 150.02 lineto
115.12 190.02 141.12 240.02 194.12 240.02 curveto
223.12 240.02 252.12 226.02 278.12 215.02 curveto
312.12 201.02 376.12 171.02 413.12 171.02 curveto
480.12 171.02 525.12 228.02 555.12 282.02 curveto closepath } bind def

